
# mandelbrot data
0	0
0.3263728732	0.034071447
0.3407363869	0.0454967275
0.3446029234	0.0500649754
0.3439489354	0.0560718299
0.3556486855	0.0603891929
0.3590789944	0.0625891973
0.3637981326	0.0693065576
0.3621521493	0.0769702718
0.3779276121	0.08573145140000001
0.3825482266	0.0892433512
0.3827560313	0.093020122
0.3881326459	0.0994747335
0.3890161683	0.104932929
0.3847274301	0.1092832944
0.4001395532	0.1250588605
0.4056365874	0.1269686657
0.4119958597	0.1328787832
0.4118244838	0.138077542
0.4163662421	0.1460311988
0.4180009653	0.1490644977
0.4102383323	0.1495123435
0.4178982152	0.1927261494
0.427737763	0.1936265767
0.4304119966	0.1961195088
0.4368686128	0.1977261846
0.4385676638	0.2019081696
0.4457836244	0.2083806729
0.4447916676	0.2157595416
0.445684652	0.2274864002
0.4483987133	0.2299501061
0.450243893	0.2349683833
0.4488300188	0.2375958006
0.447485612	0.2464893475
0.4436791376	0.251165377
0.4382011356	0.250541643
0.3988481059	0.2687254912
0.4134885046	0.3024360699
0.4205457495	0.3077535318
0.4225580128	0.3126357304
0.4370135584	0.3150314268
0.440175734	0.314624011
0.44546236	0.3199387899
0.4550944793	0.3247183173
0.4578842358	0.3253935442
0.4603506014	0.332463653
0.4641866282	0.343232262
0.4675275211	0.3437847704
0.4704260283	0.3465883313
0.471178145	0.3540693585
0.4676846294	0.3575514194
0.4491296936	0.3660487836
0.4596325296	0.3771747242
0.4647565026	0.3826984502
0.4664454582	0.3915477505
0.464038063	0.395029433
0.4574457337	0.4005721017
0.4584611206	0.4037040168
0.4574733802	0.4075136264
0.4504750553	0.4121167595
0.4445568792	0.4099331083
0.4404732555	0.3852631402
0.4011719158	0.3831255882
0.3900852168	0.3888031604
0.3816867497	0.3886242492
0.3626507481	0.4162105202
0.3641064679	0.4262188406
0.3590870926	0.4407185053
0.3516215083	0.4468937053
0.3502963148	0.4942766438
0.3629353459	0.502445221
0.3651519235	0.5070386042
0.3691591249	0.5165417063
0.3722403397	0.5185040037
0.3725562862	0.5277827197
0.3841240207	0.5611477081
0.3955909772	0.5544417759
0.4033539004	0.556049287
0.4049268076	0.5583420197
0.4090469084	0.5655139446
0.4078889472	0.5710301944
0.3909328341	0.5749148024
0.3979323853	0.598809676
0.4061178975	0.6004223665
0.4135654534	0.6002685025
0.4196433776	0.6062907292
0.4197147566	0.6093688489
0.4176549156	0.6169461764
0.4185095366	0.619567227
0.4130067179	0.6241266090000001
0.4126458327	0.6159448519
0.3975300853	0.6094641762
0.3898534208	0.6125165799
0.3863517913	0.6127709886
0.3711960258	0.6255846134
0.3724478447	0.6328701351
0.3715564686	0.6448523748
0.3713914675	0.6503815091
0.3805146202	0.6630152155
0.3832246485	0.6637704333
0.3837844249	0.6688906395999999
0.3767254078	0.6749476845
0.3821996123	0.6791481676
0.3837394255	0.6817392283
0.3797396845	0.6867748339
0.3779282683	0.6814147124
0.3667688995	0.682291678
0.3608954026	0.6877763726
0.3638162273	0.6950401071
0.3611731294	0.7013895156
0.3589735409	0.7025232407000001
0.3498461594	0.7043016223
0.3439069959	0.7006200202
0.3494607529	0.6988725586
0.3538582021	0.6894790146999999
0.3581153161	0.6811812171
0.3545230553	0.6644542432
0.3491065827	0.6605043353
0.3423674576	0.647919075
0.3392490767	0.6394186358
0.2978156884	0.6141752498
0.2824923031	0.6238592142
0.2765690533	0.6245744124
0.2632922532	0.6222988662
0.2587016547	0.6256674122
0.2501452745	0.6249786906
0.246040174	0.6214842779
0.1948179726	0.5929148822
0.172260369	0.6350267231
0.1720936795	0.6424967548
0.1703283088	0.6453699688
0.1634221133	0.6588418613
0.1655274524	0.6637175284
0.1606137515	0.6707835033
0.1444572321	0.6779791806
0.1421874217	0.686192185
0.1403937586	0.6882658762
0.1328592778	0.6919700783
0.1264966612	0.691780861
0.1161214987	0.6686806444
0.0688585511	0.6640661587
0.0556545718	0.6735745613
0.0476954266	0.676341125
-0.009074529899999999	0.7045041329
0.013177803	0.7364996849
0.0206662699	0.757481679
0.0212258609	0.7658806303
0.0249540585	0.8040848408
0.0371336723	0.8063783164
0.0409789265	0.8154848383
0.0402543476	0.8197234963
0.0252939539	0.8223644779
0.0244017026	0.8443923615
0.0285989434	0.8482045286
0.0334344315	0.8558285329999999
0.0341469612	0.8590203734
0.0285958712	0.8647558978
0.0302507925	0.8687928646
0.0256548492	0.8733628229
0.0228283284	0.8654351284
0.0067275859	0.8566847865
-0.0006591645	0.8582942877
-0.0040757958	0.8578979837
-0.0395127352	0.8372949852
-0.049590676	0.8777111128
-0.052002774	0.9011456656
-0.0537663655	0.9094278614
-0.0730163675	0.9606725104
-0.040832328	0.9728743301
-0.0344281348	0.9739598333
-0.0255034682	0.9835261449
-0.0217982338	0.9797466223
-0.0180849851	0.9825183226
-0.0227985072	0.9970091073
-0.0077798085	1.0031540067
-1e-10	1
0.002241106	1.0069870043
-0.0062396147	1.0039167993
-0.008849197	1.0083940037
-0.0172418715	1.0109704656
-0.0150717528	1.0181771093
-0.0102553933	1.0237293127
-0.0077880393	1.0294903902
-0.0132515433	1.0364943112
-0.0171879774	1.0376523437
-0.0146045402	1.0336630532
-0.0157593863	1.0308663979
-0.0157675428	1.0228748891
-0.0233479609	1.0174063149
-0.0234289343	1.0010247684
-0.042308121	0.9978915519
-0.0474104411	0.9989710695
-0.0599654136	0.9937704117
-0.0617271565	1.0007846215
-0.0676908886	1.0014697094
-0.0741528214	0.9789164691
-0.1126759158	0.9862388731
-0.1180388605	0.9970234422000001
-0.1194587027	1.0007248306
-0.1300225884	1.0165637416
-0.123189749	1.021485016
-0.1247012089	1.0271338416
-0.1432092916	1.0266732606
-0.1393397717	1.0454241582
-0.1410238459	1.0532536969
-0.1427563107	1.0558427989
-0.1509140838	1.0471845999
-0.169104698	1.0643854947
-0.1707560644	1.0708667184
-0.1703284777	1.0744895164
-0.1720190031	1.0869736458
-0.1651034723	1.0900877272
-0.1597005884	1.0979270601
-0.1524877573	1.1034462393
-0.1524877573	1.1034462393
-0.1558005654	1.1122001118
-0.1587776187	1.113779364
-0.1576707674	1.1135691381
-0.1587776187	1.113779364
-0.1580065738	1.1105462553
-0.1617357497	1.1033883478
-0.1675897649	1.0983080015
-0.178804525	1.0911645586
-0.1852706438	1.0990083425
-0.1927623156	1.1010815069
-0.1977974142	1.1047531613
-0.2060465803	1.1074613077
-0.2070033401	1.1148142995
-0.2046002176	1.1201607107
-0.2074202047	1.1226817832
-0.2134406199	1.1155918223
-0.2217389819	1.1194794359
-0.2281554937	1.115142508
-0.2212876571	1.1143251012
-0.2171893779	1.1136396122
-0.2099957264	1.1107126178
-0.2091180791	1.1042121744
-0.2039188523	1.100127936
-0.1992866571	1.0952076237
-0.1871549019	1.0926936673
-0.1796101965	1.0783618276
-0.1790403183	1.0689311797
-0.1798185983	1.0557329997
-0.1865269712	1.0551395894
-0.1882353542	1.05079919
-0.1743149413	1.0450513217
-0.1836345514	1.0280603769
-0.185350335	1.0263532149
-0.1856677277	1.0180560457
-0.1849514997	1.0136286162
-0.1708314389	1.0209272625
-0.1431117434	0.9929659461
-0.1417644146	0.9790925561
-0.1413394029	0.9733368537
-0.1184426885	0.9366129653
-0.1529716386	0.916413958
-0.1747858285	0.903795084
-0.1829430633	0.898740118
-0.2254202794	0.8684955089
-0.2384341405	0.8864443998
-0.2407916655	0.8887068207
-0.2494987021	0.8876530257
-0.2537014793	0.8861557490999999
-0.2488346326	0.875749865
-0.2626308083	0.858022045
-0.2710775742	0.8575556834
-0.2841452491	0.8518802995
-0.2872441734	0.8575939124
-0.2918643285	0.8581665167
-0.2942608073	0.8500620533
-0.3016330222	0.848665237
-0.3064815656	0.8420998969
-0.300079646	0.8417705355
-0.287745138	0.8343035009000001
-0.2827728132	0.8265553085
-0.2503569953	0.8178439096
-0.2627076867	0.7835452422
-0.2737934889	0.7609052066999999
-0.2786543689	0.7502949694
-0.2864047772	0.6680692389
-0.3511870608	0.6773401246
-0.357680392	0.6836268237000001
-0.3609156256	0.6850443154
-0.3738577885	0.6759978603
-0.3862084888	0.6819822992
-0.3957845763	0.6831954733
-0.4003391232	0.6823806189
-0.4006758037	0.6550070726
-0.4601434471	0.6207333808
-0.4765577835	0.6404778745
-0.4813069697	0.6473819013
-0.5260364396	0.658894878
-0.5062944582	0.683991968
-0.5060174217	0.6937738429
-0.5172819808	0.693788044
-0.5227992769000001	0.7022155498
-0.5305242665	0.7065770817
-0.5300254432	0.7018544295
-0.5339373374	0.6922565742
-0.5391255967	0.6901531445
-0.5317048612	0.6756406636
-0.5590936491	0.6771044978
-0.5666177186	0.6813240404000001
-0.5696633641	0.6825440008
-0.5821213549000001	0.6631800714
-0.5997883798	0.6871383163
-0.6054014816	0.6944312672
-0.6064216966	0.6905464868
-0.6132914894	0.6859415191
-0.6163067242	0.6873534747
-0.6255569431	0.6876812218
-0.63341454	0.6865950289
-0.6367543466	0.685031297
-0.6318168557	0.6816361084
-0.631586257	0.6794731028
-0.6276354186000001	0.6815761831
-0.6241356219	0.6709073813
-0.6252977658	0.6638104658
-0.6101362	0.666561228
-0.6106129567	0.6293060267
-0.617226806	0.627940621
-0.6149908941	0.6206339007
-0.6206161144	0.6146269297
-0.6246327708	0.6080742607
-0.6121889455	0.6066976698
-0.5779192953	0.5826151889
-0.5859387671	0.5599186346
-0.5911360246	0.5522537034
-0.5681077375	0.5020099993
-0.6356170289	0.4919204152
-0.6532745760999999	0.5009859515
-0.6593040204	0.502790824
-0.6667198575	0.4811191336
-0.6920223722	0.4769489089
-0.6968447838	0.4818748504
-0.6998649026	0.476323429
-0.7070668617	0.4753926249
-0.7136263729	0.4737946189
-0.7073376522	0.4682595747
-0.69688234	0.451965641
-0.7012349384	0.4432138697
-0.703282557	0.4397678361
-0.6846870993	0.435536788
-0.6849450646	0.3801014649
-0.7210531631	0.3627471123
-0.7351974171	0.3601842779
-0.7084906203	0.3085365869
-1	0
-0.8739318847000001	0.2553828556
-0.8616374697	0.2778220438
-0.8739318847000001	0.2553828556
-0.9299546157	0.2918867968
-0.9193819634	0.3199113745
-0.9184503692	0.3296730136
-0.9193819634	0.3199113745
-0.9299546157	0.2918867968
-0.9899628367	0.3192197418
-0.9842496485	0.3292855169
-0.9899628367	0.3192197418
-1.0300291783	0.3268445297
-1.0146166891	0.3720026022
-1.0094569666	0.375403313
-1.0146166891	0.3720026022
-1.0276641091	0.3790158897
-1.0260341042	0.3893464611
-1.0247783142	0.3902178906
-1.0295276543	0.3908153013
-1.0310510893	0.3953444076
-1.0295276543	0.3908153013
-1.0357688891	0.3843825104
-1.0276641091	0.3790158897
-1.0480839714	0.3573219926
-1.055460535	0.3617211
-1.0480839714	0.3573219926
-1.0300291783	0.3268445297
-1.1215495572	0.2951669683
-1.1123875299	0.3136254535
-1.1215495572	0.2951669683
-1.1537644186	0.3246729141
-1.14959741	0.341730699
-1.1494643725	0.3471887949
-1.14959741	0.341730699
-1.1537644186	0.3246729141
-1.1958482397	0.3258074002
-1.1942506527	0.3345658668
-1.1958482397	0.3258074002
-1.2228637872	0.3168822638
-1.2574804903	0.3666438354
-1.2403974024	0.3831183799
-1.2551162987	0.3944056169
-1.2471511588	0.4091699384
-1.2401104011	0.4158564914
-1.2385297018	0.4187585
-1.2401104011	0.4158564914
-1.2471511588	0.4091699384
-1.2649070213	0.4168348297
-1.2633672734	0.4200289547
-1.2649070213	0.4168348297
-1.2747090097	0.41517573
-1.2838661234	0.4227292012
-1.2823493726	0.4277861696
-1.2829424086	0.4343737625
-1.2808867804	0.4366559796
-1.2897287692	0.4353072159
-1.2963551382	0.4418516057
-1.2897287692	0.4353072159
-1.2857660536	0.4270182511
-1.2872064088	0.4192665246
-1.2914596914	0.4180373689
-1.2872064088	0.4192665246
-1.2818942831	0.4124098023
-1.2747090097	0.41517573
-1.2551162987	0.3944056169
-1.269568486	0.3822590096
-1.2574804903	0.3666438354
-1.2769391595	0.3526197498
-1.2880098531	0.3553882103
-1.2884085935	0.3570289148
-1.2906695284	0.352862276
-1.2950966838	0.3523826396
-1.2906695284	0.352862276
-1.2849078954	0.3466304039
-1.2769391595	0.3526197498
-1.2565847001	0.322691279
-1.2651631817	0.3175485155
-1.2565847001	0.322691279
-1.2228637872	0.3168822638
-1.1988580661	0.2385650844
-1.2259334198	0.2449972478
-1.1988580661	0.2385650844
-1.256796314	0.1738673927
-1.28362462	0.1948119844
-1.2909367245	0.1995859839
-1.28362462	0.1948119844
-1.256796314	0.1738673927
-1.3227032824	0.09543674520000001
-1.3274853896	0.1220620715
-1.3227032824	0.09543674520000001
-1.3871108502	0.1025420053
-1.4048346992	0.1450499316
-1.3992537691	0.1516700473
-1.4048346992	0.1450499316
-1.4192352122	0.151354307
-1.4215738937	0.1596185727
-1.4260941417	0.1596971011
-1.4286834451	0.1624971416
-1.4260941417	0.1596971011
-1.4264016976	0.153868142
-1.4192352122	0.151354307
-1.4145912693	0.128195968
-1.4244554115	0.127129148
-1.4145912693	0.128195968
-1.3871108502	0.1025420053
-1.4098160919	0.036662136
-1.4262277302	0.0546213581
-1.4098160919	0.036662136
-1.4806442553	0.0186863265
-1.4887844474	0.0446238628
-1.4912817509	0.0500368469
-1.4887844474	0.0446238628
-1.4806442553	0.0186863265
-1.5221472616	0.0031761346
-1.5241003317	0.0150329611
-1.5221472616	0.0031761346
-1.5436890127	0
-1.5706972039	0
-1.5752046533	0.0173616212
-1.5797471895	0
-1.6094791753	0
-1.628196568	0.0180053726
-1.6208091966	0.0247956819
-1.6277240115	0.0253682583
-1.6286025738	0.0320453174
-1.6292734443	0.038694002
-1.6286025738	0.0320453174
-1.6277240115	0.0253682583
-1.6352668997	0.0233298668
-1.628196568	0.0180053726
-1.6443184655	0
-1.6669108178	0
-1.6747493568	0.0117699688
-1.6812452279	0
-1.6975553933	0
-1.7065484468	0
-1.710902749	0.0064915124
-1.7160203598	0
-1.7279541419	0
-1.7431075097	0.0238293426
-1.7400623826	0.0281753397
-1.7431075097	0.0238293426
-1.7645848482	0.0309273994
-1.766186643	0.038393683
-1.7633991771	0.0428921126
-1.7677303445	0.0485021192
-1.7667966245	0.058039335
-1.7702985347	0.0621023421
-1.7712570234	0.06616150899999999
-1.7702985347	0.0621023421
-1.771911968	0.0562848
-1.7677303445	0.0485021192
-1.7697341712	0.041098771
-1.766186643	0.038393683
-1.7645848482	0.0309273994
-1.7852615721	0.0174240888
-1.7885037776	0.0214315667
-1.7852615721	0.0174240888
-1.7985534643	0
-1.8059832769	0
-1.8101847375	0.0033855363
-1.8186201343	0
-1.8269126893	0
-1.8324443735	0.0042696075
-1.8375857352	0
-1.8447687461	0
-1.8516164906	0.0023870536
-1.8554908104	0
-1.861276393	0.0050406169
-1.8616232545	0.0107182541
-1.861276393	0.0050406169
-1.8701519175	0.0019293937
-1.875762033	0
-1.8848595544	0.0023064311
-1.892910988	0
-1.9009210749	0
-1.9073768268	0.0033419443
-1.9134923351	0
-1.9205387368	0
-1.927154925	0.0014306724
-1.9342580451	0
-1.9414532218	0.0056948143
-1.9415886522	0.0076777655
-1.9478631516	0
-1.9537266747	0.0008717117
-1.9585095872	0
-1.9668027798	0.0010987468
-1.9739320446	0
-1.9802055874	0
-1.9854687588	0.0009227889
-1.9935450867	0
-2	0
-1.9935450867	0
-1.9854687588	-0.000922789
-1.9802055874	0
-1.9739320446	0
-1.9668027798	-0.0010987469
-1.9585095872	0
-1.9537266747	-0.0008717118
-1.9478631516	0
-1.9415886522	-0.0076777656
-1.9414532218	-0.0056948144
-1.9342580451	0
-1.927154925	-0.0014306725
-1.9205387368	0
-1.9134923351	0
-1.9073768268	-0.0033419444
-1.9009210749	0
-1.892910988	0
-1.8848595544	-0.0023064312
-1.875762033	0
-1.8701519175	-0.0019293938
-1.861276393	-0.005040617
-1.8616232545	-0.0107182542
-1.861276393	-0.005040617
-1.8554908104	0
-1.8516164906	-0.0023870537
-1.8447687461	0
-1.8375857352	0
-1.8324443735	-0.0042696076
-1.8269126893	0
-1.8186201343	0
-1.8101847375	-0.0033855364
-1.8059832769	0
-1.7985534643	0
-1.7852615721	-0.0174240889
-1.7885037776	-0.0214315668
-1.7852615721	-0.0174240889
-1.7645848482	-0.0309273995
-1.766186643	-0.0383936831
-1.7697341712	-0.0410987711
-1.7677303445	-0.0485021193
-1.771911968	-0.0562848001
-1.7702985347	-0.0621023422
-1.7712570234	-0.0661615091
-1.7702985347	-0.0621023422
-1.7667966245	-0.0580393351
-1.7677303445	-0.0485021193
-1.7633991771	-0.0428921127
-1.766186643	-0.0383936831
-1.7645848482	-0.0309273995
-1.7431075097	-0.0238293427
-1.7400623826	-0.0281753398
-1.7431075097	-0.0238293427
-1.7279541419	0
-1.7160203598	0
-1.710902749	-0.0064915125
-1.7065484468	0
-1.6975553933	0
-1.6812452279	0
-1.6747493568	-0.0117699689
-1.6669108178	0
-1.6443184655	0
-1.628196568	-0.0180053727
-1.6352668997	-0.0233298669
-1.6277240115	-0.0253682584
-1.6286025738	-0.0320453175
-1.6292734443	-0.0386940021
-1.6286025738	-0.0320453175
-1.6277240115	-0.0253682584
-1.6208091966	-0.024795682
-1.628196568	-0.0180053727
-1.6094791753	0
-1.5797471895	0
-1.5752046533	-0.0173616213
-1.5706972039	0
-1.5436890127	0
-1.5221472616	-0.0031761347
-1.5241003317	-0.0150329612
-1.5221472616	-0.0031761347
-1.4806442553	-0.0186863266
-1.4887844474	-0.0446238629
-1.4912817509	-0.050036847
-1.4887844474	-0.0446238629
-1.4806442553	-0.0186863266
-1.4098160919	-0.0366621361
-1.4262277302	-0.0546213582
-1.4098160919	-0.0366621361
-1.3871108502	-0.1025420054
-1.4145912693	-0.1281959681
-1.4244554115	-0.1271291481
-1.4145912693	-0.1281959681
-1.4192352122	-0.1513543071
-1.4264016976	-0.1538681421
-1.4260941417	-0.1596971012
-1.4286834451	-0.1624971417
-1.4260941417	-0.1596971012
-1.4215738937	-0.1596185728
-1.4192352122	-0.1513543071
-1.4048346992	-0.1450499317
-1.3992537691	-0.1516700474
-1.4048346992	-0.1450499317
-1.3871108502	-0.1025420054
-1.3227032824	-0.0954367453
-1.3274853896	-0.1220620716
-1.3227032824	-0.0954367453
-1.256796314	-0.1738673928
-1.28362462	-0.1948119845
-1.2909367245	-0.199585984
-1.28362462	-0.1948119845
-1.256796314	-0.1738673928
-1.1988580661	-0.2385650845
-1.2259334198	-0.2449972479
-1.1988580661	-0.2385650845
-1.2228637872	-0.3168822639
-1.2565847001	-0.3226912791
-1.2651631817	-0.3175485156
-1.2565847001	-0.3226912791
-1.2769391595	-0.3526197499
-1.2849078954	-0.346630404
-1.2906695284	-0.3528622761
-1.2950966838	-0.3523826397
-1.2906695284	-0.3528622761
-1.2884085935	-0.3570289149
-1.2880098531	-0.3553882104
-1.2769391595	-0.3526197499
-1.2574804903	-0.3666438355
-1.269568486	-0.3822590097
-1.2551162987	-0.394405617
-1.2747090097	-0.4151757301
-1.2818942831	-0.4124098024
-1.2872064088	-0.4192665247
-1.2914596914	-0.418037369
-1.2872064088	-0.4192665247
-1.2857660536	-0.4270182512
-1.2897287692	-0.435307216
-1.2963551382	-0.4418516058
-1.2897287692	-0.435307216
-1.2808867804	-0.4366559797
-1.2829424086	-0.4343737626
-1.2823493726	-0.4277861697
-1.2838661234	-0.4227292013
-1.2747090097	-0.4151757301
-1.2649070213	-0.4168348298
-1.2633672734	-0.4200289548
-1.2649070213	-0.4168348298
-1.2471511588	-0.4091699385
-1.2401104011	-0.4158564915
-1.2385297018	-0.4187585001
-1.2401104011	-0.4158564915
-1.2471511588	-0.4091699385
-1.2551162987	-0.394405617
-1.2403974024	-0.38311838
-1.2574804903	-0.3666438355
-1.2228637872	-0.3168822639
-1.1958482397	-0.3258074003
-1.1942506527	-0.3345658669
-1.1958482397	-0.3258074003
-1.1537644186	-0.3246729142
-1.14959741	-0.3417306991
-1.1494643725	-0.347188795
-1.14959741	-0.3417306991
-1.1537644186	-0.3246729142
-1.1215495572	-0.2951669684
-1.1123875299	-0.3136254536
-1.1215495572	-0.2951669684
-1.0300291783	-0.3268445298
-1.0480839714	-0.3573219927
-1.055460535	-0.3617211001
-1.0480839714	-0.3573219927
-1.0276641091	-0.3790158898
-1.0357688891	-0.3843825105
-1.0295276543	-0.3908153014
-1.0310510893	-0.3953444077
-1.0295276543	-0.3908153014
-1.0247783142	-0.3902178907
-1.0260341042	-0.3893464612
-1.0276641091	-0.3790158898
-1.0146166891	-0.3720026023
-1.0094569666	-0.3754033131
-1.0146166891	-0.3720026023
-1.0300291783	-0.3268445298
-0.9899628367	-0.3192197419
-0.9842496485	-0.329285517
-0.9899628367	-0.3192197419
-0.9299546157	-0.2918867969
-0.9193819634	-0.3199113746
-0.9184503692	-0.3296730137
-0.9193819634	-0.3199113746
-0.9299546157	-0.2918867969
-0.8739318847000001	-0.2553828557
-0.8616374697	-0.2778220439
-0.8739318847000001	-0.2553828557
0	0
-0.7084906203	-0.308536587
-0.7351974171	-0.360184278
-0.7210531631	-0.3627471124
-0.6849450646	-0.380101465
-0.6846870993	-0.4355367881
-0.703282557	-0.4397678362
-0.7012349384	-0.4432138698
-0.69688234	-0.4519656411
-0.7073376522	-0.4682595748
-0.7136263729	-0.473794619
-0.7070668617	-0.475392625
-0.6998649026	-0.4763234291
-0.6968447838	-0.4818748505
-0.6920223722	-0.476948909
-0.6667198575	-0.4811191337
-0.6593040204	-0.5027908241
-0.6532745760999999	-0.5009859516
-0.6356170289	-0.4919204153
-0.5681077375	-0.5020099994
-0.5911360246	-0.5522537035
-0.5859387671	-0.5599186347
-0.5779192953	-0.582615189
-0.6121889455	-0.6066976699
-0.6246327708	-0.6080742608
-0.6206161144	-0.6146269298
-0.6149908941	-0.6206339008
-0.617226806	-0.6279406211
-0.6106129567	-0.6293060268
-0.6101362	-0.6665612281
-0.6252977658	-0.6638104659
-0.6241356219	-0.6709073813999999
-0.6276354186000001	-0.6815761832
-0.631586257	-0.6794731029
-0.6318168557	-0.6816361085
-0.6367543466	-0.6850312971
-0.63341454	-0.686595029
-0.6255569431	-0.6876812219
-0.6163067242	-0.6873534748
-0.6132914894	-0.6859415192
-0.6064216966	-0.6905464869
-0.6054014816	-0.6944312673
-0.5997883798	-0.6871383164
-0.5821213549000001	-0.6631800715
-0.5696633641	-0.6825440009
-0.5666177186	-0.6813240404999999
-0.5590936491	-0.6771044979
-0.5317048612	-0.6756406637
-0.5391255967	-0.6901531446
-0.5339373374	-0.6922565743
-0.5300254432	-0.7018544296
-0.5305242665	-0.7065770818
-0.5227992769000001	-0.7022155499
-0.5172819808	-0.6937880440999999
-0.5060174217	-0.693773843
-0.5062944582	-0.6839919681
-0.5260364396	-0.6588948781
-0.4813069697	-0.6473819014
-0.4765577835	-0.6404778746000001
-0.4601434471	-0.6207333809
-0.4006758037	-0.6550070727
-0.4003391232	-0.682380619
-0.3957845763	-0.6831954734
-0.3862084888	-0.6819822993
-0.3738577885	-0.6759978604
-0.3609156256	-0.6850443155
-0.357680392	-0.6836268237999999
-0.3511870608	-0.6773401247
-0.2864047772	-0.668069239
-0.2786543689	-0.7502949695
-0.2737934889	-0.7609052068
-0.2627076867	-0.7835452423
-0.2503569953	-0.8178439097
-0.2827728132	-0.8265553086
-0.287745138	-0.8343035009999999
-0.300079646	-0.8417705356
-0.3064815656	-0.842099897
-0.3016330222	-0.8486652371
-0.2942608073	-0.8500620534
-0.2918643285	-0.8581665168
-0.2872441734	-0.8575939125000001
-0.2841452491	-0.8518802996
-0.2710775742	-0.8575556835
-0.2626308083	-0.8580220451
-0.2488346326	-0.8757498651
-0.2537014793	-0.8861557492
-0.2494987021	-0.8876530258000001
-0.2407916655	-0.8887068208
-0.2384341405	-0.8864443999
-0.2254202794	-0.8684955090000001
-0.1829430633	-0.8987401181
-0.1747858285	-0.9037950841
-0.1529716386	-0.9164139581
-0.1184426885	-0.9366129654000001
-0.1413394029	-0.9733368538
-0.1417644146	-0.9790925562
-0.1431117434	-0.9929659462
-0.1708314389	-1.0209272626
-0.1849514997	-1.0136286163
-0.1856677277	-1.0180560458
-0.185350335	-1.026353215
-0.1836345514	-1.028060377
-0.1743149413	-1.0450513218
-0.1882353542	-1.0507991901
-0.1865269712	-1.0551395895
-0.1798185983	-1.0557329998
-0.1790403183	-1.0689311798
-0.1796101965	-1.0783618277
-0.1871549019	-1.0926936674
-0.1992866571	-1.0952076238
-0.2039188523	-1.1001279361
-0.2091180791	-1.1042121745
-0.2099957264	-1.1107126179
-0.2171893779	-1.1136396123
-0.2212876571	-1.1143251013
-0.2281554937	-1.1151425081
-0.2217389819	-1.119479436
-0.2134406199	-1.1155918224
-0.2074202047	-1.1226817833
-0.2046002176	-1.1201607108
-0.2070033401	-1.1148142996
-0.2060465803	-1.1074613078
-0.1977974142	-1.1047531614
-0.1927623156	-1.101081507
-0.1852706438	-1.0990083426
-0.178804525	-1.0911645587
-0.1675897649	-1.0983080016
-0.1617357497	-1.1033883479
-0.1580065738	-1.1105462554
-0.1587776187	-1.1137793641
-0.155846916	-1.1117803716
-0.1524877573	-1.1034462394
-0.1597005884	-1.0979270602
-0.1651034723	-1.0900877273
-0.1720190031	-1.0869736459
-0.1703284777	-1.0744895165
-0.1707560644	-1.0708667185
-0.169104698	-1.0643854948
-0.1509140838	-1.0471846
-0.1427563107	-1.055842799
-0.1410238459	-1.053253697
-0.1393397717	-1.0454241583
-0.1432092916	-1.0266732607
-0.1247012089	-1.0271338417
-0.123189749	-1.0214850161
-0.1300225884	-1.0165637417
-0.1194587027	-1.0007248307
-0.1180388605	-0.9970234423
-0.1126759158	-0.9862388732
-0.0741528214	-0.9789164692
-0.0676908886	-1.0014697095
-0.0617271565	-1.0007846216
-0.0599654136	-0.9937704118
-0.0474104411	-0.9989710696
-0.042308121	-0.997891552
-0.0234289343	-1.0010247685
-0.0233479609	-1.017406315
-0.0157675428	-1.0228748892
-0.0157593863	-1.030866398
-0.0146045402	-1.0336630533
-0.0171879774	-1.0376523438
-0.0132515433	-1.0364943113
-0.0077880393	-1.0294903903
-0.0102553933	-1.0237293128
-0.0150717528	-1.0181771094
-0.0172418715	-1.0109704657
-0.008849197	-1.0083940038
-0.0062396147	-1.0039167994
0.002241106	-1.0069870044
-1e-10	-1
-0.0077798085	-1.0031540068
-0.0227985072	-0.9970091074
-0.0180849851	-0.9825183226999999
-0.0217982338	-0.9797466224
-0.0255034682	-0.983526145
-0.0344281348	-0.9739598334
-0.040832328	-0.9728743302
-0.0730163675	-0.9606725106
-0.0537663655	-0.9094278615
-0.052002774	-0.9011456657
-0.049590676	-0.8777111129
-0.0395127352	-0.8372949853
-0.0040757958	-0.8578979838
-0.0006591645	-0.8582942878000001
0.0067275859	-0.8566847866
0.0228283284	-0.8654351285
0.0256548492	-0.873362823
0.0302507925	-0.8687928646999999
0.0285958712	-0.8647558979
0.0341469612	-0.8590203735
0.0334344315	-0.8558285331
0.0285989434	-0.8482045287
0.0244017026	-0.8443923616
0.0252939539	-0.822364478
0.0402543476	-0.8197234964
0.0409789265	-0.8154848384
0.0371336723	-0.8063783165
0.0249540585	-0.8040848409
0.0212258609	-0.7658806304
0.0206662699	-0.7574816791
0.013177803	-0.736499685
-0.009074529899999999	-0.704504133
0.0476954266	-0.6763411251
0.0556545718	-0.6735745614
0.0688585511	-0.6640661588
0.1161214987	-0.6686806445
0.1264966612	-0.6917808611
0.1328592778	-0.6919700784
0.1403937586	-0.6882658763
0.1421874217	-0.6861921851
0.1444572321	-0.6779791807
0.1606137515	-0.6707835034
0.1655274524	-0.6637175285
0.1634221133	-0.6588418614
0.1703283088	-0.6453699689
0.1720936795	-0.6424967549
0.172260369	-0.6350267232
0.1948179726	-0.5929148823
0.246040174	-0.6214842779999999
0.2501452745	-0.6249786907
0.2587016547	-0.6256674123
0.2632922532	-0.6222988663
0.2765690533	-0.6245744125
0.2824923031	-0.6238592143
0.2978156884	-0.6141752499000001
0.3392490767	-0.6394186359
0.3423674576	-0.6479190751
0.3491065827	-0.6605043354
0.3545230553	-0.6644542433
0.3581153161	-0.6811812172
0.3538582021	-0.6894790148
0.3494607529	-0.6988725587
0.3439069959	-0.7006200203
0.3498461594	-0.7043016224
0.3589735409	-0.7025232407999999
0.3611731294	-0.7013895157
0.3638162273	-0.6950401072
0.3608954026	-0.6877763727
0.3667688995	-0.6822916781
0.3779282683	-0.6814147125
0.3797396845	-0.6867748339999999
0.3837394255	-0.6817392284
0.3821996123	-0.6791481677
0.3767254078	-0.6749476846
0.3837844249	-0.6688906397
0.3832246485	-0.6637704334
0.3805146202	-0.6630152156
0.3713914675	-0.6503815092
0.3715564686	-0.6448523749
0.3724478447	-0.6328701352
0.3711960258	-0.6255846135000001
0.3863517913	-0.6127709887
0.3898534208	-0.61251658
0.3975300853	-0.6094641763
0.4126458327	-0.615944852
0.4130067179	-0.6241266091
0.4185095366	-0.6195672271
0.4176549156	-0.6169461765000001
0.4197147566	-0.609368849
0.4196433776	-0.6062907293000001
0.4135654534	-0.6002685026
0.4061178975	-0.6004223666
0.3979323853	-0.5988096761
0.3909328341	-0.5749148025
0.4078889472	-0.5710301945
0.4090469084	-0.5655139447
0.4049268076	-0.5583420198
0.4033539004	-0.5560492871
0.3955909772	-0.554441776
0.3841240207	-0.5611477082
0.3725562862	-0.5277827198
0.3722403397	-0.5185040037999999
0.3691591249	-0.5165417064
0.3651519235	-0.5070386043
0.3629353459	-0.5024452211
0.3502963148	-0.4942766439
0.3516215083	-0.4468937054
0.3590870926	-0.4407185054
0.3641064679	-0.4262188407
0.3626507481	-0.4162105203
0.3816867497	-0.3886242493
0.3900852168	-0.3888031605
0.4011719158	-0.3831255883
0.4404732555	-0.3852631403
0.4445568792	-0.4099331084
0.4504750553	-0.4121167596
0.4574733802	-0.4075136265
0.4584611206	-0.4037040169
0.4574457337	-0.4005721018
0.464038063	-0.3950294331
0.4664454582	-0.3915477506
0.4647565026	-0.3826984503
0.4596325296	-0.3771747243
0.4491296936	-0.3660487837
0.4676846294	-0.3575514195
0.471178145	-0.3540693586
0.4704260283	-0.3465883314
0.4675275211	-0.3437847705
0.4641866282	-0.3432322621
0.4603506014	-0.3324636531
0.4578842358	-0.3253935443
0.4550944793	-0.3247183174
0.44546236	-0.31993879
0.440175734	-0.3146240111
0.4370135584	-0.3150314269
0.4225580128	-0.3126357305
0.4205457495	-0.3077535319
0.4134885046	-0.30243607
0.3988481059	-0.2687254913
0.4382011356	-0.2505416431
0.4436791376	-0.2511653771
0.447485612	-0.2464893476
0.4488300188	-0.2375958007
0.450243893	-0.2349683834
0.4483987133	-0.2299501062
0.445684652	-0.2274864003
0.4447916676	-0.2157595417
0.4457836244	-0.208380673
0.4385676638	-0.2019081697
0.4368686128	-0.1977261847
0.4304119966	-0.1961195089
0.427737763	-0.1936265768
0.4178982152	-0.1927261495
0.4114810738	-0.1615550388
0.417886836	-0.1570254954
0.4180009653	-0.1490644978
0.4163662421	-0.1460311989
0.4118244838	-0.1380775421
0.4119958597	-0.1328787833
0.4056365874	-0.1269686658
0.4001395532	-0.1250588606
0.3847274301	-0.1092832945
0.3890161683	-0.1049329291
0.3881326459	-0.0994747336
0.3827560313	-0.09302012210000001
0.3825482266	-0.0892433513
0.3779276121	-0.0857314515
0.3621521493	-0.0769702719
0.3637981326	-0.06930655769999999
0.3590789944	-0.0625891974
0.3556486855	-0.060389193
0.3439489354	-0.05607183
0.3446029234	-0.0500649755
0.3407363869	-0.0454967276
0.3263728732	-0.0340714471
0	0
