FUNCTION 1.284042621333443 1.91161438894052 0.6136892377498289 5.745927923968448 0.5278849456877548 6.060301152305895 0.1336389084410123 1.011943445282626 1 0 -0.5065118787188558 -6.056748038826521 -5.679295118127238 1.23185746393425 1.68535743108428 1.571021817952299
CYCLES -4.930672574299418 -0.232582682693219 1 4 0.002119430230167629 0.002386751953625538 2 4 1.228101379682461 1.916934909803111 3 4 0.2803893002216949 -0.7637876744009675 0 4 0.01646640673443028 -0.1996017741528054 5 4 -1.871875443234036e+16 -7459813798951583 6 4 0.3419047090458347 0.2817228434478257 7 4 -1.19240219779434 0.2819152636425979 4 4
IMAGE 500 100
POINTS 26
-0.3887680462217211 -0.01833841403638526 -0.9211531408010158 4.0 aotu
0.3972591672262618 0.62007907365862 -0.6765257544730758 4.0 ounht
0.004238817268687988 0.004773455274929683 0.9999796230688407 4.0 oeutnh
0.3374139901556955 -0.9191243985084809 0.2033768406521134 4.0
0.03166275663348981 -0.3838082284988632 0.922869824828471 4.0
-0.9534262751032395 0.2254150657809874 -0.2004155334840967 4.0
0.5716195900408261 0.4710034463291922 0.6718681402087627 4.0
-7.228425832900146e-17 -6.324220619821519e-17 -1 4.0
-0.08185429291009912 -0.8029815076073323 -0.5903563103523528 1.0
-0.7851605787443241 -0.1733891310336847 0.5945242424201572 1.0
-0.1753451584117711 -0.3060085758636777 -0.9357418591253867 2.0
-0.6177690235433567 -0.2585105292411725 -0.7426531759992254 2.0
-0.430842926234585 0.3771414277885905 -0.8198406652266057 2.0
0.003184396873199638 0.2256687984959173 -0.9741988775409068 2.0
0.01159692491597144 0.9880175555184877 -0.1539052348679722 2.0
0.9803589319561932 0.1290527568550522 0.1491366838903932 2.0
0.4391029051806659 -0.1787348150709702 -0.8804785656354419 2.0
-0.7791638907482873 0.02551738912170718 0.6263006420293711 2.0
-0.2791600142433518 -0.2058229050092159 0.9379267659157716 2.0
0.2278366418088505 0.0344907056338928 0.9730883083637074 2.0
-0.225666537541263 0.4190917102034536 0.8794525298575712 2.0
0.4289102386559909 -0.3793178834223831 0.8198499560846634 2.0
-0.1805020559059501 -0.6404457276143896 0.7464906414645802 2.0
-0.2676099270639064 -0.9578029538132335 0.1048733932105543 2.0
0.1148113780077829 -0.7736640569208734 -0.6231069527045014 2.0
-0.9198778542927915 -0.3794615400020157 -0.09916487705326366 2.0
ARCS 114
ARC 9 128 64 64
-0.3926557266839383 -0.01852179817674911 -0.930364672209026
-0.2997972144056152 0.07911327109421273 -0.9612297959236423
-0.2013230615483524 0.1752664330153343 -0.9740896788011255
-0.09907783311205598 0.2681365981437127 -0.9687034364147453
0.005023268138804799 0.3559841723710381 -0.9451719609671632
0.1090302762258745 0.4371636420671371 -0.9039360314318184
0.210994987673461 0.5101543969584753 -0.8457680571176773
0.3090074542108299 0.5735892133839925 -0.7717576093124542
0.4012317588985244 0.6262798643952062 -0.6832910120178066
ARC 4 64 255 64
0.00324808481066363 0.2301821744658356 -0.9936828550917249
0.005073003466911777 0.3595087681370879 -0.9545300991945609
-0.22295294343375 0.381963799168491 -0.9191276522545709
-0.4394597847592767 0.3846842563443623 -0.8362374785311378
ARC 17 128 64 64
0.4012317588985244 0.6262798643952062 -0.6832910120178066
0.4922289062310269 0.5260333998795425 -0.7078838648265522
0.574089519346681 0.4160229371582373 -0.7193372919114717
0.6452941379227074 0.2982904415529961 -0.7174386998487807
0.704521093471574 0.1750212113283363 -0.702223329460635
0.7506710415641308 0.0485033151563236 -0.6739736016906519
0.7828873673723661 -0.07891487799733028 -0.6332138754318577
0.8005720857731756 -0.2048682882544214 -0.5807007146099361
0.8033969408824798 -0.3270190243859398 -0.5174088451798453
0.7913094989950717 -0.443099778710132 -0.4445130626958009
0.7645341218357508 -0.5509559118501245 -0.3633664262782612
0.7235678020566932 -0.6485854461925429 -0.2754751437318188
0.6691709382806971 -0.7341762257063151 -0.1824706139852704
0.6023532209198597 -0.8061395523776205 -0.08607914578967597
0.5243548907508424 -0.8631396749164241 0.01191008525752821
0.4366237181167215 -0.9041185823783305 0.109678246594881
0.3407881300572524 -0.9283156424935658 0.2054106090586346
ARC 9 64 255 64
0.4478849632842792 -0.1823095113723897 -0.8980881369481508
0.555578416077638 -0.2261456353020539 -0.8249792574498426
0.6531981952587994 -0.2658813167866365 -0.7369119642769083
0.7389742720341532 -0.3007960737583497 -0.6354830818229188
0.8113513660397321 -0.3302568365085729 -0.5225317050331112
0.9231334965738727 -0.2246326048300125 -0.3711667285069868
0.9936008077494003 -0.1089549458572947 -0.203190193200787
1.019599536602769 0.01159898932360776 -0.02611988526182223
0.999966110595317 0.1316338119921533 0.1521194175682011
ARC 5 128 64 64
-7.300710091229148e-17 -6.387462826019734e-17 -1.01
-0.02383177106752136 -0.2337870230186794 -0.9822808531961971
-0.0463554305294679 -0.4547416167069055 -0.9006449001105915
-0.06633466824091977 -0.6507357160757309 -0.7695730891947645
-0.08267283583920011 -0.8110113226834057 -0.5962598734558764
ARC 4 64 255 64
-0.1788520615800065 -0.3121287473809513 -0.9544566963078944
-0.0468143951881755 -0.4592440089515284 -0.9095621763493102
0.03607194017873977 -0.640624279732614 -0.7929056358412462
0.1171076055679386 -0.7891373380592909 -0.6355690917585914
ARC 9 128 64 64
0.0319793841998247 -0.3876463107838518 0.9320985230767558
0.1180799517484821 -0.2837503604855833 0.9621033509552797
0.201968708990852 -0.1745393506666973 0.9740865750319199
0.2820742967325679 -0.06205896337144149 0.9678237319822702
0.3568962200806802 0.05158387913106958 0.9434321340223228
0.4250329549089753 0.164260480084436 0.9013686714789768
0.4852082004559913 0.2738602418505678 0.8424212545655573
0.5362947863061456 0.3783302004923071 0.7676940546704112
0.5773357859412344 0.4757134807924841 0.6785868216108504
ARC 4 64 255 64
0.2323933746450276 0.03518051974657066 0.9925500745309815
0.360429846022073 0.05209461060761483 0.9527730462403656
0.4095387772240729 -0.1718440703561899 0.9182306929270161
0.4374884434291107 -0.3869042410908308 0.8362469552063566
ARC 5 255 64 64
0.004281205441374868 0.004821189827678979 1.009979419299529
-0.2251633478383652 -0.04661361510442569 0.9834778277506393
-0.4422488201409458 -0.09548982668976908 0.9029937287061849
-0.6350595202274962 -0.1391246590191914 0.7729448460409164
-0.7930121845317674 -0.1751230223440216 0.6004694848443588
ARC 4 64 128 64
-0.2847432145282188 -0.2099393631094002 0.956685301234087
-0.4466275213304601 -0.09643527051838066 0.9119342606735729
-0.6370287160213916 -0.03613060673917239 0.7957945678507717
-0.794747168563253 0.02602773690414133 0.6388266548699585
ARC 17 128 64 64
-0.9629605378542719 0.2276692164387973 -0.2024196888189377
-0.9498592024271332 0.3261491910963037 -0.1072110102168493
-0.9191270025906922 0.418575329405508 -0.0100123284864157
-0.8713343757812888 0.5032320584601934 0.0873721976360229
-0.8073684274992827 0.5785480176760919 0.1831349598531087
-0.7284164652509771 0.6431252256877558 0.2754984523284028
-0.6359439602743105 0.6957650290574169 0.3627482649598177
-0.5316673461129765 0.7354903511474312 0.44326490549807
-0.4175221589397485 0.7615638281826254 0.5155538598421274
-0.2956271109941705 0.7735014958690158 0.5782733325458088
-0.1682447639874965 0.771081772523965 0.630259152628577
-0.03773953243766182 0.754349571976908 0.6705463823999369
0.09346620354228073 0.7236154698988078 0.6983872282040391
0.2229370613873424 0.6794499390345682 0.7132649206332091
0.3482698605695151 0.6226727603414536 0.7149033065720464
0.4671382293667868 0.5543378065792616 0.7032719750288338
0.5773357859412344 0.4757134807924841 0.6785868216108504
ARC 9 64 255 64
0.01182886341429087 1.007777906628857 -0.1569833395653316
-0.1089287646611062 1.013933827114565 0.02174208964694728
-0.2248112882672476 0.9747111614437669 0.1994944521147482
-0.3306323876060655 0.891865319156841 0.368318444761023
-0.4216560417015283 0.7691040641052257 0.5206583535039307
-0.3833655938280654 0.7012573387346215 0.6337735923338009
-0.3381240122268557 0.6206955089895376 0.7353973330627681
-0.2867516112109925 0.5288793112034519 0.8236869476013698
-0.2301798682920883 0.4274735444075227 0.8970415804547226
ARC 9 128 64 64
0.3407881300572524 -0.9283156424935658 0.2054106090586346
0.180121940650467 -0.9419090489941682 0.3169596660763186
0.0126680097510529 -0.9200074174608044 0.4165643687907649
-0.1552633042761785 -0.8634360921717921 0.5004711990518012
-0.3173436532909735 -0.7743269152035073 0.5655181996252279
-0.4674651777723069 -0.6560378897825273 0.6092541298505856
-0.599970676287756 -0.5130266368020818 0.6300308385518583
-0.709866792297708 -0.3506824131859117 0.6270653732068677
-0.7930121845317674 -0.1751230223440216 0.6004694848443588
ARC 5 64 255 64
-0.2729621256051845 -0.9769590128894983 0.1069708610747654
-0.3062825437353027 -0.9078076620520802 0.34996607281645
-0.320485669660191 -0.7819935183243341 0.5711173897205272
-0.2544910524903191 -0.723859357024668 0.672057985184466
-0.1841120970240691 -0.6532546421666774 0.7614204542938718
ARC 5 255 64 64
0.3407881300572524 -0.9283156424935658 0.2054106090586346
0.2848425954799221 -0.8638981104383717 0.4389131469679078
0.2116398169719922 -0.7471411436932915 0.6458240466820215
0.1256147990768687 -0.585118485749259 0.8136075711836587
0.0319793841998247 -0.3876463107838518 0.9320985230767558
ARC 5 64 128 64
-0.1841120970240691 -0.6532546421666774 0.7614204542938718
0.01514356811374041 -0.719673725315485 0.7226620243483924
0.2137352607043882 -0.7545385807595617 0.6522183441739228
0.3345367290758741 -0.5863646326526941 0.7646317378145419
0.4374884434291107 -0.3869042410908308 0.8362469552063566
ARC 3 255 64 64
0.004281205441374868 0.004821189827678979 1.009979419299529
0.01849860042337112 -0.1953009869577697 0.9907650207166669
0.0319793841998247 -0.3876463107838518 0.9320985230767558
ARC 5 64 128 64
0.2323933746450276 0.03518051974657066 0.9925500745309815
0.1270697376104468 -0.08201599709056294 1.008725263887474
0.01868175488300846 -0.1972346600959655 1.000574575377228
-0.1345616376546616 -0.2059298759242055 0.9898919394931637
-0.2847432145282188 -0.2099393631094002 0.956685301234087
ARC 9 128 64 64
0.004281205441374868 0.004821189827678979 1.009979419299529
-0.2121317192279577 0.0561105424763295 0.9858761284869428
-0.4181374587809481 0.104647111125233 0.9134057410030628
-0.6036293687499057 0.1480496910366937 0.7961236550728349
-0.7595072134338395 0.1841889510323787 0.6397837314745947
-0.8781236235894033 0.2112918985107502 0.4520560090496963
-0.9536592764730781 0.2280288624889279 0.2421504124895329
-0.982408391896474 0.2335787272797321 0.02036491330118648
-0.9629605378542719 0.2276692164387973 -0.2024196888189377
ARC 6 64 255 64
-0.794747168563253 0.02602773690414133 0.6388266548699585
-0.7670270868341746 0.1860126040128973 0.6461182238654322
-0.6543756318846643 0.2578035415804169 0.7387353154846061
-0.5251055173557597 0.3230472468135846 0.8125913314629336
-0.3824997139487961 0.3800867770113931 0.8658106090653894
-0.2301798682920883 0.4274735444075227 0.8970415804547226
ARC 9 128 64 64
0.4012317588985244 0.6262798643952062 -0.6832910120178066
0.199986979545581 0.6736977229279262 -0.7254216609213999
-0.00998635731335879 0.6917116206148106 -0.7358908251731654
-0.2195238333263418 0.6795353295613016 -0.7142415715146534
-0.4194800535621754 0.6377002916488244 -0.6614187952382957
-0.6011278030242838 0.568032423419618 -0.5797279796380657
-0.7565389514382985 0.47357242280082 -0.4727345717410576
-0.878930481484357 0.3584430559309615 -0.3451083661294668
-0.9629605378542719 0.2276692164387973 -0.2024196888189377
ARC 7 64 255 64
0.01182886341429087 1.007777906628857 -0.1569833395653316
-0.1070711861878831 0.9669445914209612 -0.3065190340094233
-0.2220434907611048 0.8906403717854097 -0.4448105398442919
-0.3288704646613496 0.7816643529720103 -0.5667848416871049
-0.4236333214192267 0.6440141559225752 -0.6679674961812492
-0.4366020148995407 0.520374680674155 -0.7609131831549066
-0.4394597847592767 0.3846842563443623 -0.8362374785311378
ARC 5 128 64 64
-0.3926557266839383 -0.01852179817674911 -0.930364672209026
-0.5993100160385773 0.05167653840169673 -0.8113304136137497
-0.769654991754276 0.1187440418714212 -0.6431415444424062
-0.8933702704158487 0.1786174145178967 -0.4359878199767225
-0.9629605378542719 0.2276692164387973 -0.2024196888189377
ARC 5 64 255 64
-0.4394597847592767 0.3846842563443623 -0.8362374785311378
-0.6250426475652612 0.2592174770022479 -0.7632352116754034
-0.7772753382072886 0.1199197254543065 -0.6495092825061924
-0.7194725752316296 -0.07349163434167479 -0.7192761591846045
-0.6301244040142239 -0.263680739825996 -0.7575062395192099
ARC 9 128 64 64
0.3407881300572524 -0.9283156424935658 0.2054106090586346
0.4613125751629231 -0.8287347144051426 0.3471159476837376
0.5617027427785679 -0.6929831384657315 0.4736711924502256
0.637577040897228 -0.526985877589485 0.5795527601021108
0.685623888055635 -0.3379879866329419 0.6601393830239827
0.7037462493900274 -0.1342383974189659 0.7119138073726743
0.69115316304173 0.07537011108090917 0.7326163058334583
0.6483942621849585 0.281689043677892 0.7213433048399756
0.5773357859412344 0.4757134807924841 0.6785868216108504
ARC 7 64 255 64
0.4374884434291107 -0.3869042410908308 0.8362469552063566
0.5715685978339905 -0.3683848900826257 0.7602643689723317
0.6924122433829185 -0.341334402342179 0.6666754165192696
0.8174619792573254 -0.2314472520257313 0.5644360743241292
0.9125243549489938 -0.1130698082327525 0.4414912457695298
0.9741121505357411 0.009455430994515714 0.3023509765212303
0.999966110595317 0.1316338119921533 0.1521194175682011
ARC 9 128 64 64
0.4012317588985244 0.6262798643952062 -0.6832910120178066
0.4975596579840029 0.6968450539461347 -0.5356690746511791
0.5763035975519725 0.7427834574987514 -0.3691163755712482
0.6346807349354399 0.7624715932948262 -0.189518954514474
0.6706279984925879 0.7552136746537907 -0.003223856967034081
0.6828749973928676 0.7212661993553936 0.1831851729892917
0.6709889177426726 0.6618288849044407 0.3631203648553213
0.6353898184033616 0.5790022700290309 0.5302227361878896
0.5773357859412344 0.4757134807924841 0.6785868216108504
ARC 9 64 255 64
0.999966110595317 0.1316338119921533 0.1521194175682011
0.9645317752628357 0.3101554982446744 0.1178219903792179
0.8972969106491659 0.4784513845219033 0.07963998234892314
0.8004782444305745 0.6309727699964314 0.03883225098260855
0.6772678796657819 0.7626910377691748 -0.00325577634294531
0.5317280514340924 0.8692634479339638 -0.04523646100282656
0.3686571952955325 0.9471763173371692 -0.0857257034525221
0.1934317432853353 0.9938608654073539 -0.1233885768673153
0.01182886341429087 1.007777906628857 -0.1569833395653316
ARC 5 255 64 64
0.004281205441374868 0.004821189827678979 1.009979419299529
0.1644629005168985 0.1365360309966051 0.987122012009287
0.3176266784428836 0.2624246429646025 0.9221423967621496
0.4572367752238239 0.377115140363694 0.8178133664176623
0.5773357859412344 0.4757134807924841 0.6785868216108504
ARC 6 64 128 64
-0.2301798682920883 0.4274735444075227 0.8970415804547226
-0.09242654209967578 0.3982518617711714 0.9344799563989015
0.0472129391829887 0.3609030247566769 0.9528483326821666
0.1858889426210562 0.3161892137664382 0.9517718645289885
0.320771497041328 0.2650229067563312 0.9312725195023689
0.2323933746450276 0.03518051974657066 0.9925500745309815
ARC 5 255 64 64
0.4012317588985244 0.6262798643952062 -0.6832910120178066
0.3169362664533911 0.4947036159880681 -0.8215349872859432
0.2191165539400203 0.3420175064531899 -0.9247226400759271
0.1119467581141911 0.1747369168475272 -0.9884507743121773
-7.300710091229148e-17 -6.387462826019734e-17 -1.01
ARC 6 64 128 64
0.00324808481066363 0.2301821744658356 -0.9936828550917249
0.2212860247711096 0.345403818398271 -0.9338783097796491
0.2879545031995403 0.2174196584079475 -0.9540497346705136
0.3487466733767625 0.08499859981565204 -0.9547517980281683
0.4024219451149099 -0.0491570313146244 -0.935970172795194
0.4478849632842792 -0.1823095113723897 -0.8980881369481508
ARC 9 128 64 64
0.3407881300572524 -0.9283156424935658 0.2054106090586346
0.3480112952894077 -0.9479917306020306 -0.01731522628081115
0.338161021500638 -0.9211593311301856 -0.2391915763764141
0.3117205632609772 -0.8491348419719174 -0.449333184385024
0.2699870898219712 -0.7354517855740602 -0.6374305000746274
0.2150080459750305 -0.5856874542756658 -0.7942554665031204
0.1494807043812878 -0.4071892882677383 -0.9121142486211291
0.07661983733706665 -0.2087144100745593 -0.9852246929272886
-7.300710091229148e-17 -6.387462826019734e-17 -1.01
ARC 6 64 255 64
0.4478849632842792 -0.1823095113723897 -0.8980881369481508
0.4189736520300138 -0.3390124155677899 -0.8659859473429838
0.379421998812226 -0.4871056899832664 -0.8118909985972631
0.3302344656380632 -0.6228283270360186 -0.7371770972746352
0.2726602293251591 -0.7427334864213281 -0.6437416931446732
0.1171076055679386 -0.7891373380592909 -0.6355690917585914
ARC 3 255 64 64
-0.3926557266839383 -0.01852179817674911 -0.930364672209026
-0.200316141125854 -0.00944902846269895 -0.989890983626762
-7.300710091229148e-17 -6.387462826019734e-17 -1.01
ARC 5 64 128 64
-0.1788520615800065 -0.3121287473809513 -0.9544566963078944
-0.1927688972775347 -0.1626865502701818 -0.9883183892873748
-0.202299469255813 -0.009542583199953394 -0.9996918844547497
-0.1007403928855133 0.1116662371989129 -1.008851834865313
0.00324808481066363 0.2301821744658356 -0.9936828550917249
ARC 5 255 64 64
0.3407881300572524 -0.9283156424935658 0.2054106090586346
0.2496083174249115 -0.9786448658951473 -0.007065007386657618
0.1447276541110828 -0.9752568601748763 -0.2191528298182454
0.03190297675591718 -0.9183375909326181 -0.4192114849979504
-0.08267283583920011 -0.8110113226834057 -0.5962598734558764
ARC 7 64 128 64
0.1171076055679386 -0.7891373380592909 -0.6355690917585914
0.1350997479489636 -0.9103785783330393 -0.439725939894886
0.1461606011814896 -0.9849128686914592 -0.2213226598164459
0.04059496521901883 -1.009320415986807 -0.1415074085378077
-0.06567730977671393 -1.01615866129713 -0.05922892917585752
-0.1708063358390513 -1.005308570869616 0.02408055176543052
-0.2729621256051845 -0.9769590128894983 0.1069708610747654
ARC 9 128 64 64
-0.9629605378542719 0.2276692164387973 -0.2024196888189377
-0.9579342014780849 0.06599206222392792 -0.3132205506699344
-0.9168089328844884 -0.09817194649246445 -0.4122179635885439
-0.8411345026956111 -0.2586364292533013 -0.4956812946219669
-0.7337626371800881 -0.409354419077398 -0.5604652994256898
-0.5987395533842692 -0.5446462372454763 -0.6041286481102766
-0.4411534808986729 -0.6594135271417226 -0.6250259246731266
-0.2669429162716926 -0.7493313814683834 -0.6223696330951956
-0.08267283583920011 -0.8110113226834057 -0.5962598734558764
ARC 5 64 255 64
-0.9382754113786473 -0.387050770802056 -0.1011481745943289
-0.8666999967865804 -0.4131220586026962 -0.3443272865545396
-0.7410276137858315 -0.4134074331276693 -0.5660144608061422
-0.691532827081933 -0.341485621103952 -0.6675102393576579
-0.6301244040142239 -0.263680739825996 -0.7575062395192099
ARC 5 128 64 64
-0.3926557266839383 -0.01852179817674911 -0.930364672209026
-0.3388891547665334 -0.2486484623875869 -0.9183834073707523
-0.2665211606091478 -0.4651269617836497 -0.8559926286887429
-0.1795239799621683 -0.656074921504291 -0.7466169285461464
-0.08267283583920011 -0.8110113226834057 -0.5962598734558764
ARC 4 64 255 64
-0.6301244040142239 -0.263680739825996 -0.7575062395192099
-0.4599358098383964 -0.3751014355118595 -0.8295528698674007
-0.2691599839815156 -0.4697321792270521 -0.8644678032302157
-0.1788520615800065 -0.3121287473809513 -0.9544566963078944
ARC 5 128 64 64
0.0319793841998247 -0.3876463107838518 0.9320985230767558
-0.202939004374558 -0.3615199707907781 0.9209880950494953
-0.4267181928412495 -0.3155500166537589 0.859325183436463
-0.627075075899967 -0.2522597115555018 0.7504944284343394
-0.7930121845317674 -0.1751230223440216 0.6004694848443588
ARC 4 64 255 64
-0.1841120970240691 -0.6532546421666774 0.7614204542938718
-0.3145678114923727 -0.4970895961746511 0.8332760799085867
-0.4309431254436381 -0.3186742742443902 0.8678333535694973
-0.2847432145282188 -0.2099393631094002 0.956685301234087
ARC 5 128 64 64
-0.9629605378542719 0.2276692164387973 -0.2024196888189377
-1.001254545133282 0.1321942092954445 0.01067833688815134
-0.9845902915725477 0.02946314137186749 0.2231902350946101
-0.9138824680449759 -0.07488514069225334 0.4234513552977781
-0.7930121845317674 -0.1751230223440216 0.6004694848443588
ARC 7 64 255 64
-0.794747168563253 0.02602773690414133 0.6388266548699585
-0.918094342943686 0.0286256144868021 0.4434899679249289
-0.9943387103009887 0.02975485564287608 0.2254000394024775
-1.006431108149307 -0.07833572756646796 0.1461503962909087
-1.001004498370422 -0.1850627159926151 0.06435670432531787
-0.9781533422914289 -0.2885683064445407 -0.01855724871408867
-0.9382754113786473 -0.387050770802056 -0.1011481745943289
ARC 9 128 64 64
-0.08267283583920011 -0.8110113226834057 -0.5962598734558764
-0.2543425475086777 -0.8558975403047073 -0.4720691358552774
-0.414316490854132 -0.8614258941373572 -0.326170621478963
-0.5552383733575564 -0.8273421666063833 -0.1652733738577105
-0.6706279985056678 -0.7552136746421463 0.003223856973993583
-0.7551792532004121 -0.6483571976818187 0.1715728409447342
-0.8050041057455533 -0.5116864578324212 0.3320321650137408
-0.8178113943285884 -0.3514861657159423 0.4772232167619628
-0.7930121845317674 -0.1751230223440216 0.6004694848443588
ARC 5 64 255 64
-0.9382754113786473 -0.387050770802056 -0.1011481745943289
-0.8300221827330789 -0.5907060558527382 -0.05029445048827023
-0.6772678796789912 -0.762691037757415 0.003255776349973717
-0.4882023202046042 -0.8937848587678395 0.05663144695479912
-0.2729621256051845 -0.9769590128894983 0.1069708610747654
ARC 12 255 255 255
-0.1859171175831286 -0.6596590994428213 0.7688853607085177
-0.1554839877977761 -0.5639917568668827 0.8477252076732812
-0.2023767428418036 -0.5205069493691769 0.8654572026479043
-0.2420095324817549 -0.4824030017235912 0.8772791631607531
-0.2911410517078941 -0.4557495068346454 0.8766009782280643
-0.3336001355890259 -0.4297792490989443 0.8745860429820106
-0.3712359403041766 -0.4044945169792306 0.8714746481454367
-0.3886503518300674 -0.3920657273708846 0.8695604461125771
-0.4052932384652354 -0.3797474722285246 0.8674267970211711
-0.4052932384652354 -0.3797474722285246 0.8674267970211711
-0.3004658102714629 -0.5282487604685432 0.8316090090429282
-0.1859171175831286 -0.6596590994428213 0.7688853607085177
ARC 15 255 255 255
-0.2756382248758236 -0.9865370424276306 0.1080195950068709
-0.2918342202535782 -0.9854008969189534 -0.06868668168071555
-0.2993682466150729 -0.9550169406830417 -0.2433542601373986
-0.3428201522592357 -0.9354175789403104 -0.261473318360407
-0.3791235009357732 -0.9173462223769339 -0.2750295971872329
-0.4078299118897082 -0.8973284704794021 -0.2989588249828558
-0.4344730296441017 -0.8781126563486715 -0.317885748771718
-0.4594153028779345 -0.859542938516079 -0.333201915253679
-0.4713617340191185 -0.8504451840226129 -0.3397956807777781
-0.4830143205601194 -0.8414425896730814 -0.345791171689077
-0.4830143205601194 -0.8414425896730814 -0.345791171689077
-0.6303662270252175 -0.7588557549970865 -0.2961019468591753
-0.7592972335956844 -0.6540932305427322 -0.2377598721654116
-0.8660396492634587 -0.530216442974308 -0.172469850998075
-0.9474741899215752 -0.3908453862020762 -0.1021398233648616
ARC 17 255 255 255
1.009769699914879 0.1329243395607038 0.153610784407105
1.028078681540509 0.05870320276909482 0.02254237224828752
1.024077004301783 -0.01679187069170352 -0.1090152390217023
0.9978515098552428 -0.09192253848450807 -0.2382070762974442
0.949971325905461 -0.1650583663541655 -0.3622295068791535
0.937772905795908 -0.0741721900282397 -0.4195002543283063
0.917521830903144 0.002845287905610388 -0.4680230701075287
0.9006852402049961 0.09313090613170595 -0.4909101062312283
0.8760499343348546 0.1727916853888026 -0.5133999863774775
0.8456734314316519 0.2437559917565379 -0.5350882766921753
0.8287366474361225 0.276450261461713 -0.5455921756532863
0.8107780229287281 0.3074897905340726 -0.5558678136509569
0.8107780229287281 0.3074897905340726 -0.5558678136509569
0.9108774437949804 0.2770300098070125 -0.3930097404032743
0.9788051401428386 0.2367856711028583 -0.2162707645298533
1.012161940548135 0.1881781838406652 -0.03189321608529837
1.009769699914879 0.1329243395607038 0.153610784407105
ARC 14 255 255 255
-0.1859171175831286 -0.6596590994428213 0.7688853607085177
-0.3004658102714629 -0.5282487604685432 0.8316090090429282
-0.4052932384652354 -0.3797474722285246 0.8674267970211711
-0.4002240455342082 -0.3684059423204256 0.8746415123004575
-0.3953330443858524 -0.3569564881315784 0.8815859853680659
-0.3906150796370375 -0.3454162738375499 0.8882609173707541
-0.3860642028322451 -0.3338013745110239 0.8946681360516054
-0.3609412732410495 -0.3295660724970645 0.9066463484347079
-0.3354235299509579 -0.3240186542058601 0.9183697334308565
-0.2835284004724629 -0.3083599972357157 0.9409706468484107
-0.2313916776582495 -0.2856734719947616 0.9621582816298778
-0.1805893604168851 -0.2552265798679069 0.9814004665951364
-0.1805893604168851 -0.2552265798679069 0.9814004665951364
-0.2875348146706523 -0.2119975921594924 0.9660645688932448
ARC 17 255 255 255
-0.9474741899215752 -0.3908453862020762 -0.1021398233648616
-0.8660396492634587 -0.530216442974308 -0.172469850998075
-0.7592972335956844 -0.6540932305427322 -0.2377598721654116
-0.6303662270252175 -0.7588557549970865 -0.2961019468591753
-0.4830143205601194 -0.8414425896730814 -0.345791171689077
-0.4893808855889253 -0.8413618386193281 -0.3369222541407784
-0.4956940293144739 -0.8410909225472918 -0.3282582661724261
-0.5019459678805749 -0.8406430938640106 -0.3197959256575626
-0.508129899664003 -0.840031202526849 -0.3115310319193683
-0.5052459869145025 -0.8483861499202899 -0.2930314545065393
-0.5030380639420021 -0.855994608893958 -0.2740911085204377
-0.5009528396599295 -0.8687337081027865 -0.235048924359665
-0.5024182552448442 -0.8777540886019332 -0.1949965557114176
-0.5077502049922276 -0.8826558967862085 -0.1549461106284543
-0.5077502049922276 -0.8826558967862085 -0.1549461106284543
-0.3980200929761603 -0.9496902418913501 -0.02384219041107844
-0.2756382248758236 -0.9865370424276306 0.1080195950068709
ARC 17 255 255 255
1.009769699914879 0.1329243395607038 0.153610784407105
1.012161940548135 0.1881781838406652 -0.03189321608529837
0.9788051401428386 0.2367856711028583 -0.2162707645298533
0.9108774437949804 0.2770300098070125 -0.3930097404032743
0.8107780229287281 0.3074897905340726 -0.5558678136509569
0.7996290660602193 0.2978535156441576 -0.5768679571011699
0.7880699453697798 0.2885123226808774 -0.597165304472855
0.7761506775053022 0.2794558303743678 -0.6167613514787005
0.7639183333224239 0.2706724552230259 -0.6356612321019971
0.7642948439225722 0.2260400146061007 -0.6524257071500515
0.7614873792353785 0.1818846108791064 -0.6692943743903657
0.7462239770278259 0.09617112894454635 -0.7034208484728797
0.7184040441747229 0.01612666369613498 -0.7379265275292891
0.6792872490016105 -0.0555666736451851 -0.7722571968740942
0.6792872490016105 -0.0555666736451851 -0.7722571968740942
0.5716157046424495 -0.121067417519799 -0.8482323777251155
0.4522759923360858 -0.1840968595230994 -0.9068929226045052
ARC 12 255 255 255
-0.2875348146706523 -0.2119975921594924 0.9660645688932448
-0.1805893604168851 -0.2552265798679069 0.9814004665951364
-0.2548924364127648 -0.1926178638894834 0.9791977350720421
-0.2871182975776397 -0.163283510979645 0.9756031868737813
-0.3171402592065539 -0.1346719581498562 0.9706624128287253
-0.3247690447842732 -0.07195484165835295 0.9748064260722905
-0.331158428617963 -0.01046544722298793 0.975256155873781
-0.3356237795623698 0.05096981630092879 0.9724498734734451
-0.3373693868820815 0.1134140469884321 0.9665501284157558
-0.3373693868820815 0.1134140469884321 0.9665501284157558
-0.288877921286651 0.2763417170552647 0.949254866728663
-0.2324365336675009 0.4316644615095572 0.9058361057532983
ARC 13 255 255 255
-0.2756382248758236 -0.9865370424276306 0.1080195950068709
-0.3980200929761603 -0.9496902418913501 -0.02384219041107844
-0.5077502049922276 -0.8826558967862085 -0.1549461106284543
-0.5558507725243942 -0.8491207505156428 -0.175851840274095
-0.5773621285671271 -0.8330130412859793 -0.1834182257681061
-0.5977704468107008 -0.81708619243979 -0.189580186316982
-0.6275508692677639 -0.7987137472301018 -0.1706934575984766
-0.6547469118622626 -0.7805067274026105 -0.1517093599159182
-0.6799239423836073 -0.7623721980872331 -0.1318789754175151
-0.7034251940023575 -0.7442328629509954 -0.1105008694378037
-0.7034251940023575 -0.7442328629509954 -0.1105008694378037
-0.8440022900713223 -0.5802949901273213 -0.1087099755657013
-0.9474741899215752 -0.3908453862020762 -0.1021398233648616
ARC 13 255 255 255
0.4522759923360858 -0.1840968595230994 -0.9068929226045052
0.5716157046424495 -0.121067417519799 -0.8482323777251155
0.6792872490016105 -0.0555666736451851 -0.7722571968740942
0.6147119310894168 0.05094100805703603 -0.8248843891567188
0.5787298762414386 0.09568154946072842 -0.8466503241825185
0.5406806521504127 0.1360623205852933 -0.8660551237116199
0.4646474479970913 0.1362756775451281 -0.9090828833387011
0.3906213310971323 0.132157642007712 -0.9438481516382103
0.3180424909842384 0.1232458741959023 -0.9718844727755602
0.2465146317696277 0.1089548088556502 -0.9941123608278462
0.2465146317696277 0.1089548088556502 -0.9941123608278462
0.355124741434896 -0.03818711985198139 -0.9660891066036347
0.4522759923360858 -0.1840968595230994 -0.9068929226045052
ARC 68 255 255 255
-0.2324365336675009 0.4316644615095572 0.9058361057532983
-0.288877921286651 0.2763417170552647 0.949254866728663
-0.3373693868820815 0.1134140469884321 0.9665501284157558
-0.2899120103052299 0.1365231237670142 0.9788832734078547
-0.2658219768812422 0.147191377614302 0.9841612545528056
-0.2414768549149953 0.1573610423580388 0.9888510660804053
-0.2168559717614195 0.1670969426950428 0.9929512068844975
-0.2044337953274613 0.1718216430365421 0.9947784408159601
-0.1919319293706391 0.1764608616543413 0.9964555678966683
-0.1793460438241218 0.181021935831495 0.9979809894544358
-0.1730201533991311 0.1832754292819397 0.9986862087459013
-0.1666714920410954 0.1855120866433762 0.9993527302459404
-0.1602994329765491 0.1877327960305703 0.9999802443458277
-0.1571044287291071 0.188837446538206 1.000279269633551
-0.1539033322748937 0.1899384411295717 1.000568414900227
-0.1506960605441706 0.1910358896971678 1.000847633850467
-0.1490900827183205 0.1915833185131307 1.000983506009235
-0.1474825294725356 0.1921299019518794 1.001116878429459
-0.1458733901465024 0.1926756537029123 1.001247744825087
-0.1450682223556863 0.1929482219712189 1.001312236268341
-0.1442626540201422 0.1932205874474499 1.001376098796815
-0.1434566837906203 0.1934927518405923 1.001439331592759
-0.1430535475429758 0.1936287591649484 1.001470711583525
-0.1426503103142107 0.1937647168592135 1.001501933831247
-0.1422469719346424 0.193900625136897 1.001532998231684
-0.1420452647602191 0.1939685608112359 1.00154847120647
-0.1418435322343616 0.1940364842114851 1.001563904680139
-0.1416417743357958 0.1941043953643266 1.001579298639532
-0.1415408858650953 0.1941383463563073 1.001586980797256
-0.1414399910432337 0.1941722942964415 1.001594653071464
-0.1413390898675477 0.1942062391880637 1.001602315460503
-0.1412886368961882 0.1942232104917253 1.001606142947568
-0.1412381823353733 0.1942401810345092 1.00160996796272
-0.1411877261847702 0.1942571508168328 1.001613790505752
-0.1411624975131939 0.1942656354229521 1.001615700850158
-0.1411372684440455 0.1942741198391125 1.001617610576457
-0.1411120389772835 0.1942826040653662 1.001619519684622
-0.1410994240947843 0.1942868461072945 1.001620474006897
-0.1410868091128661 0.1942910881017654 1.001621428174628
-0.1410741940315236 0.1942953300487858 1.001622382187813
-0.1410615788507516 0.1942995719483621 1.001623336046448
-0.141055271223078 0.1943016928803608 1.001623812917809
-0.141048963570545 0.1943038138005008 1.001624289750531
-0.1410458097349561 0.1943048742561241 1.001624528152402
-0.1410426558931521 0.194305934708783 1.001624766544614
-0.1410410789699194 0.1943064649340009 1.001624885737097
-0.1410395020451329 0.1943069951584777 1.001625004927166
-0.1410387135821569 0.1943072602704383 1.001625064521294
-0.1410379251187926 0.1943075253822136 1.001625124114819
-0.1410375308869648 0.1943076579380317 1.001625153911355
-0.1410371366550398 0.1943077904938035 1.00162518370774
-0.1410369395390409 0.1943078567716722 1.001625198605876
-0.1410367424230177 0.1943079230495291 1.001625213503974
-0.141036643864997 0.1943079561884532 1.001625220953009
-0.1410365453069702 0.1943079893273744 1.001625228402035
-0.1410364960279546 0.1943080058968341 1.001625232126544
-0.1410364467489374 0.1943080224662929 1.001625235851051
-0.1410364221094282 0.1943080307510219 1.001625237713303
-0.1410363974699187 0.1943080390357509 1.001625239575555
-0.1410363851501638 0.1943080431781153 1.001625240506681
-0.1410363728304088 0.1943080473204797 1.001625241437807
-0.1410363481908985 0.1943080556052084 1.001625243300057
-0.03384220116751313 0.2280660500192284 1.003862830395052
0.02325827056563677 0.2449047822532039 1.000190332126744
0.0832555949099356 0.2624090250927379 0.9925270824849424
0.0832555949099356 0.2624090250927379 0.9925270824849424
-0.07581361351422856 0.3527274965688001 0.964746396298127
-0.2324365336675009 0.4316644615095572 0.9058361057532983
ARC 68 255 255 255
-0.9474741899215752 -0.3908453862020762 -0.1021398233648616
-0.8440022900713223 -0.5802949901273213 -0.1087099755657013
-0.7034251940023575 -0.7442328629509954 -0.1105008694378037
-0.6998169472114688 -0.7514235005541511 -0.08074009667176429
-0.6976338168186382 -0.7548577951813649 -0.06630811929912508
-0.6952365156726309 -0.7581759128986927 -0.05211019454592199
-0.6926478875381689 -0.7613720567053579 -0.03809849284637778
-0.6912878757273335 -0.7629225991101015 -0.0311477228618442
-0.6898868633387595 -0.7644404634956129 -0.02422588622156953
-0.6884467157799335 -0.7659248580460633 -0.01732718554587142
-0.6877125039070323 -0.7666542420632277 -0.01388470728456768
-0.6869691344134037 -0.7673749361002116 -0.01044585125756136
-0.6862167972370946 -0.7680868235411777 -0.007009899577581228
-0.6858373228993274 -0.768439426959045 -0.005292788786454607
-0.6854556742335589 -0.7687897826567872 -0.003576135280871545
-0.6850718727934427 -0.7691378745497724 -0.001859849548635536
-0.6848791713974691 -0.7693110664414942 -0.001001816633376858
-0.6846859396915004 -0.7694836861806852 -0.0001438421076250636
-0.6844921802482486 -0.7696557316497497 0.0007140852103398353
-0.6843951034220975 -0.7697415383644188 0.00114303466041056
-0.6842978956148122 -0.769827200706119 0.001571976501238442
-0.6842005571408579 -0.769912718403058 0.002000912130294277
-0.6841518390017282 -0.7699554229243663 0.00221537805210751
-0.6841030883131581 -0.76999809118183 0.002429842945013375
-0.6840543051140251 -0.7700407231410196 0.002644306983687231
-0.6840299013351208 -0.7700620254979741 0.002751538737273035
-0.6840054894431118 -0.7700833187674021 0.002858770342803197
-0.6839810694428318 -0.7701046029449712 0.002966001822112058
-0.6839688564035986 -0.7701152416229529 0.003019617521256412
-0.6839566413391076 -0.770125878026342 0.003073233197033634
-0.6839444242499608 -0.7701365121545956 0.003126848852172053
-0.6839383149463298 -0.7701418283653765 0.003153656672854925
-0.6839322051367609 -0.7701471440071691 0.003180464489401658
-0.6839260948213288 -0.7701524590799064 0.003207272302153216
-0.6839230394739378 -0.7701551164028575 0.003220676207212753
-0.6839199840001092 -0.7701577735835191 0.003234080111451222
-0.6839169283998523 -0.7701604306218829 0.003247484014911642
-0.6839154005523164 -0.7701617590877002 0.003254185966363398
-0.6839138726731769 -0.7701630875179399 0.003260887917636632
-0.6839123447624352 -0.7701644159126009 0.003267589868736263
-0.6839108168200922 -0.7701657442716822 0.003274291819668359
-0.6839100528370707 -0.77016640843788 0.003277642795073431
-0.6839092888461492 -0.7701670725951825 0.003280993770438184
-0.6839089068477261 -0.7701674046704978 0.003282669258105633
-0.6839085248473279 -0.7701677367435892 0.003284344745763499
-0.6839083338463886 -0.7701679027793009 0.003285182489588735
-0.6839081428449552 -0.770168068814457 0.003286020233411696
-0.6839080473440533 -0.7701681518318263 0.003286439105322213
-0.683907951843028 -0.7701682348490568 0.003286857977232261
-0.6839079040924693 -0.77016827635762 0.003287067413186865
-0.6839078563418796 -0.7701683178661481 0.003287276849141495
-0.6839078324665729 -0.7701683386203996 0.003287381567118855
-0.6839078085912589 -0.7701683593746418 0.003287486285096092
-0.6839077966535989 -0.7701683697517597 0.003287538644084384
-0.6839077847159368 -0.7701683801288756 0.003287591003073091
-0.6839077787471052 -0.7701683853174326 0.003287617182567508
-0.6839077727782733 -0.7701683905059892 0.003287643362061697
-0.683907769793857 -0.7701683931002673 0.003287656451808713
-0.6839077668094405 -0.7701683956945452 0.003287669541555946
-0.6839077653172322 -0.770168396991684 0.003287676086429514
-0.6839077638250238 -0.770168398288823 0.003287682631303108
-0.6839077608406074 -0.7701684008831007 0.003287695721050371
-0.6704251789527462 -0.7797354016384217 0.05867523206556264
-0.6630572500712304 -0.7833487322323317 0.08729173407589368
-0.6553643311457461 -0.7859395018612857 0.1170328709206216
-0.6553643311457461 -0.7859395018612857 0.1170328709206216
-0.475963766777351 -0.906157138976436 0.1150553440616967
-0.2756382248758236 -0.9865370424276306 0.1080195950068709
ARC 68 255 255 255
0.4522759923360858 -0.1840968595230994 -0.9068929226045052
0.355124741434896 -0.03818711985198139 -0.9660891066036347
0.2465146317696277 0.1089548088556502 -0.9941123608278462
0.2361949119542351 0.04727298515736809 -1.001437580901197
0.2311927777393075 0.01757747635340623 -1.003564114467147
0.2262104217193671 -0.0114346074799345 -1.004787586934336
0.2211902788785018 -0.03982451976619115 -1.005181012631577
0.2186490544469349 -0.05380511311636001 -1.005085867372533
0.2160783394092107 -0.06765271217722707 -1.004805086458674
0.213471738575595 -0.08137458495375641 -1.004344559278894
0.2121530041602954 -0.08819060171102204 -1.004048564859096
0.2108229327278522 -0.09497783823791041 -1.003709570184364
0.2094807409129135 -0.1017371544357822 -1.003328147015665
0.2088048552934681 -0.1051066077365999 -1.003121694220586
0.208125646107762 -0.1084693977395296 -1.002904833564108
0.2074430154931836 -0.1118256283373128 -1.002677627241209
0.2071003865497113 -0.1135013160948625 -1.002560163349659
0.2067568655173734 -0.1151754025766505 -1.002440135470811
0.2064124401390468 -0.1168479005286519 -1.002317550828025
0.2062398844876478 -0.1176835577741008 -1.002255301944645
0.2060670981496985 -0.1185188226419379 -1.002192416524757
0.2058940795906896 -0.1193536967098856 -1.002128895437701
0.2058074827485895 -0.1197709876859843 -1.002096896788635
0.2057208272755087 -0.1201881815521724 -1.002064739545436
0.2056341129794593 -0.1206052785046798 -1.002032423814699
0.205590733712814 -0.120813790699565 -1.002016206549689
0.2055473396684123 -0.1210222787395164 -1.00199994970256
0.2055039308222442 -0.1212307426490006 -1.001983653286509
0.205482220840994 -0.1213349655624598 -1.001975490244252
0.205460507150297 -0.1214391824524708 -1.001967317314701
0.2054387897471513 -0.1215433933220882 -1.001959134499495
0.2054279296524718 -0.1215954965002036 -1.001955039385285
0.2054170686285547 -0.1216475981743657 -1.001950941800276
0.2054062066750239 -0.1216996983449559 -1.001946841744673
0.2054007753495364 -0.1217257478665308 -1.001944790790462
0.2053953437915048 -0.1217517970123559 -1.00194273921868
0.2053899120008821 -0.1217778457824786 -1.001940687029351
0.2053871960183346 -0.1217908700266666 -1.001939660703115
0.2053844799776216 -0.1218038941769469 -1.001938634222502
0.2053817638787375 -0.1218169182333255 -1.001937607587515
0.2053790477216763 -0.1218299421958083 -1.001936580798158
0.2053776896213274 -0.1218364541418407 -1.001936067345591
0.2053763315064321 -0.1218429660644013 -1.001935553854433
0.2053756524435293 -0.12184622201688 -1.001935297094382
0.2053749733769895 -0.121849477963491 -1.001935040324684
0.2053746338423558 -0.1218511059345962 -1.001934911936217
0.2053742943068129 -0.1218527339042346 -1.001934783545338
0.2053741245387004 -0.1218535478885036 -1.001934719348994
0.2053739547703606 -0.121854361872406 -1.001934655152047
0.2053738698861054 -0.1218547688642196 -1.001934623053347
0.2053737850017936 -0.1218551758559416 -1.001934590954497
0.2053737425596162 -0.1218553793517682 -1.001934574905015
0.2053737001174247 -0.1218555828475719 -1.001934558855496
0.2053736788963237 -0.1218556845954653 -1.001934550830722
0.2053736576752191 -0.1218557863433527 -1.001934542805939
0.2053736470646653 -0.1218558372172943 -1.001934538793543
0.2053736364541109 -0.1218558880912344 -1.001934534781146
0.2053736311488333 -0.121855913528204 -1.001934532774946
0.2053736258435555 -0.1218559389651732 -1.001934530768746
0.2053736231909165 -0.1218559516836578 -1.001934529765646
0.2053736205382775 -0.1218559644021421 -1.001934528762545
0.2053736152329991 -0.1218559898391106 -1.001934526756344
0.1806163046379788 -0.2258978763800205 -0.9885584959656752
0.165693953631991 -0.2764086866356675 -0.9782861297606877
0.1484108110959296 -0.3262057895082125 -0.9656417627884432
0.1484108110959296 -0.3262057895082125 -0.9656417627884432
0.3045337874910102 -0.2587111912369313 -0.949330127935034
0.4522759923360858 -0.1840968595230994 -0.9068929226045052
ARC 24 255 255 255
-0.2324365336675009 0.4316644615095572 0.9058361057532983
-0.288877921286651 0.2763417170552647 0.949254866728663
-0.3373693868820815 0.1134140469884321 0.9665501284157558
-0.3901699178984292 0.1287615046879774 0.944504055087971
-0.4176169217368724 0.1360494920680046 0.9316580072038543
-0.44602804577746 0.1429731066177195 0.9173427239391059
-0.4756343912507555 0.1493999724855568 0.9013054832191127
-0.5066997087617704 0.1551307450340401 0.8832269567251222
-0.5228723623992605 0.1576460133296669 0.8732996204741412
-0.539526465946144 0.159862974231318 0.862702162981861
-0.5567064335605383 0.1617180107716571 0.8513666847042842
-0.5655081659950696 0.162485693595101 0.8453986713792564
-0.5744590809189059 0.1631316071415234 0.8392168033954217
-0.5807040019309069 0.1668372163833701 0.8341751646811825
-0.5870443516296043 0.1705913395718135 0.8289617144855798
-0.5934848471451823 0.1743957001556235 0.8235665583158958
-0.6000304985031546 0.1782520811901585 0.8179789706449873
-0.6134589421516459 0.1861283403665773 0.8061788679980191
-0.6273767575845286 0.194235598705513 0.7934550625197589
-0.6569046290441786 0.2112097140924135 0.7647004413581378
-0.6891593058491695 0.229314654164962 0.7303247500575991
-0.6891593058491695 0.229314654164962 0.7303247500575991
-0.4768170126064044 0.3419786351210478 0.8465200231594342
-0.2324365336675009 0.4316644615095572 0.9058361057532983
ARC 23 255 255 255
-0.9474741899215752 -0.3908453862020762 -0.1021398233648616
-0.8440022900713223 -0.5802949901273213 -0.1087099755657013
-0.7034251940023575 -0.7442328629509954 -0.1105008694378037
-0.7223847289998824 -0.7227066716100711 -0.1294425359688974
-0.7321529338080758 -0.7109187317222837 -0.1394512043784738
-0.7421720846427869 -0.6982718083609503 -0.1499902611015397
-0.7524848383876845 -0.6845962297863439 -0.1612283168645739
-0.7631286769958169 -0.6696811105189684 -0.173383484105885
-0.7685832676394955 -0.6616785538026865 -0.1798923348622199
-0.7741280948338997 -0.6532618985333554 -0.1867473820791948
-0.7797615957521129 -0.6443871324178839 -0.1940027766924362
-0.7826101608083008 -0.6397627383019765 -0.1978003409500656
-0.7854785855218923 -0.6350048311626629 -0.2017232165285029
-0.7886408031967139 -0.6306552841190607 -0.2030260972041499
-0.7918564382529657 -0.6261868253873206 -0.2043365872982037
-0.795128146574804 -0.6215924849715233 -0.205655082970112
-0.7984587593722372 -0.6168647071342347 -0.2069819863513311
-0.8053090039069484 -0.6069752719478125 -0.2096626515864899
-0.8124340298709475 -0.5964435242282453 -0.2123818954474298
-0.8276375677091227 -0.5730742384883011 -0.2179494751027894
-0.8443869161567323 -0.545769604056623 -0.2237102481139389
-0.8443869161567323 -0.545769604056623 -0.2237102481139389
-0.9474741899215752 -0.3908453862020762 -0.1021398233648616
ARC 24 255 255 255
0.4522759923360858 -0.1840968595230994 -0.9068929226045052
0.355124741434896 -0.03818711985198139 -0.9660891066036347
0.2465146317696277 0.1089548088556502 -0.9941123608278462
0.2075763162185009 0.1683735131436908 -0.9947172628525196
0.1857838665339019 0.1993687559983146 -0.9932957535736262
0.1621755883027731 0.2315336497720196 -0.9904500227582901
0.136500659507815 0.2651550132678958 -0.9858805145111822
0.108461721952575 0.3005804340880812 -0.9791769286061142
0.09344939902063305 0.3191005049652608 -0.9748549007691339
0.0777125701131503 0.3382418635568942 -0.96976966243741
0.06120132709374811 0.3580773627969348 -0.963812741052097
0.05263933701555504 0.3682809938972281 -0.9604677036385099
0.04386458184723378 0.3786903431512895 -0.9568539713369673
0.03387150216427356 0.3840002407544854 -0.9551421550961054
0.02363107842995375 0.3893098526005133 -0.9532992241685734
0.0131316737045857 0.3946175940816423 -0.9513172518076883
0.002360832152583659 0.3999216098672186 -0.9491876170877702
-0.02004957124090893 0.4105094634284288 -0.944446925522424
-0.04371948297924207 0.4210516062980483 -0.9389910285204334
-0.09541742587712597 0.4418721361869964 -0.9254969098276469
-0.1541738495935402 0.4620101846317387 -0.9075665338684845
-0.1541738495935402 0.4620101846317387 -0.9075665338684845
-0.3023114011812728 0.4299840068186541 -0.8857886715215945
-0.4437682140216225 0.3884556706222482 -0.8444358851834038
ARC 12 255 255 255
-0.2324365336675009 0.4316644615095572 0.9058361057532983
-0.07581361351422856 0.3527274965688001 0.964746396298127
0.0832555949099356 0.2624090250927379 0.9925270824849424
0.08889463797764598 0.3350178505493263 0.9699282360835427
0.08904327902004794 0.4080066124128871 0.9415422978755219
0.08423221056847045 0.4818336540235406 0.9064442975456748
0.07484783279247183 0.5571021908940231 0.8630961422850584
-0.01860353309796164 0.6203539792428313 0.8220187643806303
-0.1322215445650926 0.6716332587639932 0.7696273311641683
-0.1322215445650926 0.6716332587639932 0.7696273311641683
-0.1842091336370371 0.5573372134805027 0.8463700287430322
-0.2324365336675009 0.4316644615095572 0.9058361057532983
ARC 12 255 255 255
-0.2756382248758236 -0.9865370424276306 0.1080195950068709
-0.475963766777351 -0.906157138976436 0.1150553440616967
-0.6553643311457461 -0.7859395018612857 0.1170328709206216
-0.6760644162950932 -0.7646456917737617 0.1383975110737197
-0.6969644332482157 -0.7416946932074752 0.1582073350223142
-0.7181787458983752 -0.7167514734863129 0.1771626772066753
-0.7398633106587265 -0.6892620476936585 0.1960104873476252
-0.7766876154463178 -0.6514894459761427 0.182257646736731
-0.8157632180902736 -0.6077910245192122 0.1613085320895553
-0.8157632180902736 -0.6077910245192122 0.1613085320895553
-0.8958568831485474 -0.5073822153740366 0.03006214292934974
-0.9474741899215752 -0.3908453862020762 -0.1021398233648616
ARC 11 255 255 255
0.4522759923360858 -0.1840968595230994 -0.9068929226045052
0.3045337874910102 -0.2587111912369313 -0.949330127935034
0.1484108110959296 -0.3262057895082125 -0.9656417627884432
0.08617377768597216 -0.3318827113587905 -0.9712507121956032
0.02463015583941535 -0.3347249471441613 -0.9737826067365676
-0.0371809118675218 -0.3356475212315863 -0.9730664526556198
-0.1003419650986438 -0.3354669048707278 -0.9686554835319918
-0.1652771966362265 -0.2805473682009368 -0.9771778868085371
-0.2362410522140243 -0.2141782590854753 -0.9793966707029005
-0.2362410522140243 -0.2141782590854753 -0.9793966707029005
-0.1806055131641242 -0.3151888331395881 -0.9638141148991483
ARC 24 255 255 255
-0.2324365336675009 0.4316644615095572 0.9058361057532983
-0.07581361351422856 0.3527274965688001 0.964746396298127
0.0832555949099356 0.2624090250927379 0.9925270824849424
0.1468635586506357 0.2307715284243735 0.9930133920593166
0.1802117966622162 0.2127895945659972 0.991536331552311
0.214930135778849 0.1931360631657492 0.988637192219128
0.251331767525426 0.1715943515352116 0.9840161183404242
0.2897952583813342 0.1479083230792337 0.9772624193038351
0.3099419754081459 0.1351702425755053 0.9729157092997189
0.3307880464145455 0.1217825499638657 0.9678059097120388
0.3524112539399706 0.1077037824855569 0.9618244139835304
0.3635414021992083 0.1003922289324658 0.9584670308659579
0.3748998419606366 0.09289244196936126 0.9548408782215279
0.3813467643861155 0.08358911364257937 0.9531461091420815
0.3878220931422007 0.07403951894424396 0.9513212778579628
0.3943255970979633 0.06423187750292897 0.949358514674927
0.4008568701844883 0.05415356048491826 0.9472492604973112
0.4140000565213672 0.0331296245311415 0.9425531184918601
0.4272437453236925 0.01084620907248292 0.9371473426471101
0.4539735758063519 -0.0380916376722839 0.9237732511872371
0.4808415057424508 -0.094140245504367 0.905996170263269
0.4808415057424508 -0.094140245504367 0.905996170263269
0.466463684703412 -0.2451273507925833 0.884999555223801
0.4417775458156706 -0.3906974199250546 0.8444454547672033
ARC 23 255 255 255
-0.2756382248758236 -0.9865370424276306 0.1080195950068709
-0.475963766777351 -0.906157138976436 0.1150553440616967
-0.6553643311457461 -0.7859395018612857 0.1170328709206216
-0.6316672813230932 -0.8021306401057416 0.1359517631715214
-0.618764726161952 -0.8103888969903209 0.1459453640666118
-0.6049773010160074 -0.818792257159942 0.1564663058626831
-0.5901307674698777 -0.8273622145682716 0.167682566744723
-0.5740103649044119 -0.8361100160379304 0.1798114069333642
-0.5653914795070973 -0.8405491684913909 0.1863050462258249
-0.5563492671700644 -0.8450273167326443 0.1931432807398671
-0.5468399799923225 -0.8495374473276039 0.200380043592408
-0.5418951571223936 -0.8518011846112311 0.2041675306756679
-0.5368148796487143 -0.85406826009049 0.2080797733892931
-0.5321164616995855 -0.8566878473698673 0.209375269210804
-0.5272936189892751 -0.8593463828638778 0.2106780331025582
-0.5223391147689342 -0.8620456779236108 0.211988439202775
-0.5172451099066515 -0.8647876487201369 0.2133068655687231
-0.5066038048531276 -0.8704078605045269 0.2159693063383467
-0.4952920452735385 -0.8762248058512365 0.2186684236457524
-0.4702656446141557 -0.8885322803583832 0.2241887826292037
-0.4411479420717511 -0.9019085518731373 0.2298900982294786
-0.4411479420717511 -0.9019085518731373 0.2298900982294786
-0.2756382248758236 -0.9865370424276306 0.1080195950068709
ARC 24 255 255 255
0.4522759923360858 -0.1840968595230994 -0.9068929226045052
0.3045337874910102 -0.2587111912369313 -0.949330127935034
0.1484108110959296 -0.3262057895082125 -0.9656417627884432
0.1699870298794217 -0.3767158524561598 -0.943445587292135
0.1805236005207499 -0.4030471700032408 -0.9305182472189374
0.1908185826366081 -0.430371898350822 -0.9161158756568221
0.2007689267271174 -0.458933958493849 -0.8999841441947785
0.2102092276711522 -0.4890172905274319 -0.8818016614676494
0.214661156467654 -0.5047316076197891 -0.8718179811024276
0.2188766401129187 -0.5209560598048516 -0.8611607284157144
0.2227980478061749 -0.5377419459084491 -0.8497615133108536
0.2246263487539625 -0.5463626125466834 -0.8437599771597525
0.2263522814885782 -0.5551447884629153 -0.837543377090035
0.230791630020502 -0.5608837053366446 -0.8324930585898694
0.2352911634629687 -0.5667108251973269 -0.8272707591837194
0.2398531928516776 -0.5726305810666419 -0.8218665728122395
0.2444801265646603 -0.5786476857907701 -0.8162697614415924
0.2539388550509158 -0.5909943565539958 -0.8044505754965675
0.2636887386854831 -0.6037952439929334 -0.791706733849077
0.2841568768767717 -0.6309717882496485 -0.7629085605475141
0.3060941398529766 -0.6606954678137766 -0.728483271158646
0.3060941398529766 -0.6606954678137766 -0.728483271158646
0.3923669849360156 -0.4370802650381992 -0.8461140532140796
0.4522759923360858 -0.1840968595230994 -0.9068929226045052
ARC 11 255 255 255
-0.2324365336675009 0.4316644615095572 0.9058361057532983
-0.4768170126064044 0.3419786351210478 0.8465200231594342
-0.6891593058491695 0.229314654164962 0.7303247500575991
-0.6573752005553221 0.3055985863450254 0.7316880139231285
-0.6097377314265812 0.3736231792696422 0.7412999519676305
-0.4902897860500102 0.4659225172977894 0.7768089427715971
-0.492369744259619 0.502286076382302 0.7524498205263854
-0.4906292363499978 0.5415575677628103 0.7258776434341032
-0.4906292363499978 0.5415575677628103 0.7258776434341032
-0.3663615691865323 0.4931102599456437 0.8267535740228292
-0.2324365336675009 0.4316644615095572 0.9058361057532983
ARC 9 255 255 255
-0.9474741899215752 -0.3908453862020762 -0.1021398233648616
-0.8443869161567323 -0.545769604056623 -0.2237102481139389
-0.8590386277127555 -0.5411167690576234 -0.1736239567053597
-0.8648546643737244 -0.5455907757993421 -0.1235196942745748
-0.8556469103507021 -0.5719956154023756 -0.03986703861281197
-0.8663692874707671 -0.5564763882234632 -0.02526434398841138
-0.8765797770957278 -0.5407838662228637 -0.007791304117823071
-0.8765797770957278 -0.5407838662228637 -0.007791304117823071
-0.9474741899215752 -0.3908453862020762 -0.1021398233648616
ARC 11 255 255 255
-0.4437682140216225 0.3884556706222482 -0.8444358851834038
-0.3023114011812728 0.4299840068186541 -0.8857886715215945
-0.1541738495935402 0.4620101846317387 -0.9075665338684845
-0.1987135266803912 0.3761006573971313 -0.9380624871615363
-0.220333854664105 0.2873182654642054 -0.9642620011280635
-0.2136147939374695 0.1312074317236937 -0.9990261906834698
-0.2516763534680856 0.1147903140577857 -0.9921603685410552
-0.2895017527171392 0.09358657888340903 -0.9840377469521198
-0.2895017527171392 0.09358657888340903 -0.9840377469521198
-0.1449215668408181 0.1650751753940294 -1.006304092177426
0.003279928779395627 0.2324388624507948 -1.003424843867134
ARC 18 255 255 255
-0.2324365336675009 0.4316644615095572 0.9058361057532983
-0.1842091336370371 0.5573372134805027 0.8463700287430322
-0.1322215445650926 0.6716332587639932 0.7696273311641683
-0.06580245162343536 0.7187869514485699 0.7347893274861964
0.01024410553050874 0.7557095585115946 0.6997843392618118
0.05110048929675792 0.7698038239122822 0.6824154252972743
0.09340614653051497 0.7808358279940285 0.665184712325231
0.1368479483876862 0.7887630671277767 0.6480937146410723
0.1589043959567636 0.7915611037000819 0.639593943103532
0.1811403499414041 0.7935855873208749 0.6311181262011794
0.1883355709814617 0.8066801578482616 0.6121248529809833
0.1958360578998962 0.819492815657152 0.5924354509248592
0.2118201833754351 0.8440877618701448 0.5509519581377733
0.2118201833754351 0.8440877618701448 0.5509519581377733
0.1690483134776985 0.9391057634344657 0.387818298684468
0.1203057437798199 1.000955030696151 0.2109870956661849
0.06731403686450974 1.027451079231303 0.02670393655315591
0.01194483266345058 1.017658082184042 -0.1585223919140114
ARC 18 255 255 255
-0.9474741899215752 -0.3908453862020762 -0.1021398233648616
-0.8958568831485474 -0.5073822153740366 0.03006214292934974
-0.8157632180902736 -0.6077910245192122 0.1613085320895553
-0.8113565208296283 -0.6017258593430701 0.2013121613442288
-0.8024029944417697 -0.5990131665555218 0.2413144438362696
-0.7963511882910559 -0.598842714463968 0.2609831186894088
-0.7893413253243154 -0.5993913723055502 0.2803038618016566
-0.781444959268366 -0.6005939102406338 0.2992168621851503
-0.7771856188981772 -0.6014189219950952 0.3085089853539354
-0.772729287692399 -0.6023815445731946 0.3176884050449593
-0.7740330331358847 -0.5962739336019559 0.325929838648309
-0.7751810724444117 -0.590078455667904 0.3343676435908734
-0.7769551938814286 -0.5774456897956226 0.3518481235378833
-0.7769551938814286 -0.5774456897956226 0.3518481235378833
-0.6777362438236002 -0.7142364452107918 0.3023902844678199
-0.5587121218411351 -0.8301554002446864 0.2440958343609359
-0.4233610146482957 -0.9218151090366296 0.1786682848962074
-0.2756382248758236 -0.9865370424276306 0.1080195950068709
ARC 15 255 255 255
-0.1806055131641242 -0.3151888331395881 -0.9638141148991483
-0.2362410522140243 -0.2141782590854753 -0.9793966707029005
-0.2603856791914216 -0.2681312984743222 -0.9597941992169445
-0.2766584217660812 -0.3224826598882835 -0.9382777050198298
-0.2821109388965219 -0.3493229965205555 -0.9269772717045563
-0.2859752347144527 -0.3757565498371645 -0.9153825322696978
-0.2884167881977233 -0.4016949080177815 -0.9035247407560546
-0.289155940965397 -0.4144605335396748 -0.897502817790799
-0.2896010440722044 -0.4270848919289575 -0.8914200639195418
-0.3005691082426278 -0.4329463229480366 -0.88493824226101
-0.3114421207715446 -0.4389635611728989 -0.8781883609862576
-0.332835314990024 -0.4514805386320321 -0.8638784499754706
-0.332835314990024 -0.4514805386320321 -0.8638784499754706
-0.4925364617733475 -0.3647741392837177 -0.8277968719037385
-0.6363020942496574 -0.2662658451184077 -0.7649327712792022
ARC 11 255 255 255
0.4417775458156706 -0.3906974199250546 0.8444454547672033
0.466463684703412 -0.2451273507925833 0.884999555223801
0.4808415057424508 -0.094140245504367 0.905996170263269
0.4009310212021511 -0.1483776612627861 0.9370903829812715
0.3154396652393037 -0.1802168488242415 0.9638048064798064
0.1597782462154621 -0.1918343323806509 0.9992849948620169
0.1479477206277175 -0.2316021414143077 0.9926590149962726
0.1313309476548827 -0.2717073182318698 0.984798108958032
0.1313309476548827 -0.2717073182318698 0.984798108958032
0.1853166973337333 -0.1195850452436769 1.006109903859109
0.2346717410631161 0.03552542680290958 1.002280957614619
ARC 9 255 255 255
-0.2756382248758236 -0.9865370424276306 0.1080195950068709
-0.4411479420717511 -0.9019085518731373 0.2298900982294786
-0.4350076830527193 -0.9161463808818966 0.1798447232534442
-0.4389749617972148 -0.922689649880322 0.129787491380575
-0.4666376442732192 -0.9170674414288498 0.04622355263589948
-0.4500215123462292 -0.9259495400736698 0.03159252542884417
-0.4333059950327898 -0.9343165613870987 0.01408821445150151
-0.4333059950327898 -0.9343165613870987 0.01408821445150151
-0.2756382248758236 -0.9865370424276306 0.1080195950068709
ARC 11 255 255 255
0.4522759923360858 -0.1840968595230994 -0.9068929226045052
0.3923669849360156 -0.4370802650381992 -0.8461140532140796
0.3060941398529766 -0.6606954678137766 -0.728483271158646
0.3780783403690518 -0.620122895766538 -0.7303453721972276
0.4399517554149636 -0.5648241001124165 -0.7404837532582946
0.5173287990088633 -0.4354730991810257 -0.7769389252738723
0.5537861295405052 -0.433123300437308 -0.7527450626519183
0.5926886177033392 -0.4266255330319429 -0.7263682654205893
0.5926886177033392 -0.4266255330319429 -0.7263682654205893
0.5294606523407956 -0.309439643462303 -0.8275376273480147
0.4522759923360858 -0.1840968595230994 -0.9068929226045052
ARC 16 255 255 255
0.4417775458156706 -0.3906974199250546 0.8444454547672033
0.466463684703412 -0.2451273507925833 0.884999555223801
0.4808415057424508 -0.094140245504367 0.905996170263269
0.5273484047138624 -0.08321118118330537 0.8808402575789911
0.550617698466388 -0.07541848425269099 0.867197902654639
0.5736453976663818 -0.06597013360929647 0.8529237358684247
0.6181486552827603 -0.04201514254532152 0.8228164848670763
0.6592451635923532 -0.01158588084999992 0.7913037227544309
0.7264107411113978 0.06484340679604593 0.7273395134275824
0.7705686453472415 0.1532376956049802 0.6660646901415753
0.9017474554030892 0.0838723118625268 0.4906291491308773
0.9577428235695398 0.06848597048587914 0.372744357096996
0.9801950511106591 0.06865965604172332 0.3088745917203373
0.9979656657720933 0.07433530979372091 0.2438007212006022
0.9979656657720933 0.07433530979372091 0.2438007212006022
1.009769699914879 0.1329243395607038 0.153610784407105
ARC 15 255 255 255
-0.2756382248758236 -0.9865370424276306 0.1080195950068709
-0.4411479420717511 -0.9019085518731373 0.2298900982294786
-0.4353848311841365 -0.8976083232203304 0.2562017698228252
-0.4333995808160759 -0.8945796818540676 0.2697999187589297
-0.4320935136113646 -0.8909464236949494 0.2835659810346883
-0.4316783768833446 -0.8818948440060436 0.3111515114006631
-0.4342684241777326 -0.8706581069390855 0.3380316502687832
-0.4475087356440723 -0.8433145321543509 0.3865960829852415
-0.4682677279763865 -0.8126365277252181 0.4257313809698948
-0.4057564360577955 -0.7972377315534294 0.5105621548697264
-0.3793474471575992 -0.7750728398514707 0.5623678575981996
-0.3693842277288212 -0.7598044598505848 0.589196465617661
-0.3621381311689036 -0.7420890040997764 0.6156783932766329
-0.3621381311689036 -0.7420890040997764 0.6156783932766329
-0.1859171175831286 -0.6596590994428213 0.7688853607085177
ARC 19 255 255 255
0.4522759923360858 -0.1840968595230994 -0.9068929226045052
0.3923669849360156 -0.4370802650381992 -0.8461140532140796
0.3060941398529766 -0.6606954678137766 -0.728483271158646
0.2767975779306776 -0.6871662694507481 -0.7156015783806324
0.2606857507822226 -0.6993489080756691 -0.7098267704957869
0.2437263735047052 -0.7106805283439266 -0.7045783430471322
0.2077968019176528 -0.7304376943348999 -0.6958313472440798
0.1702165926743378 -0.7459699857851299 -0.6895325169171296
0.09491648248057606 -0.7645268186651341 -0.6836589828966513
0.02488010326040107 -0.7694741739969951 -0.6842444563263875
-0.02696508350380287 -0.843298966907021 -0.5907789236975066
-0.07139821558881236 -0.8715840869433391 -0.5441906597855937
-0.09745743095405286 -0.8819218667996642 -0.5230830431321889
-0.125072715704507 -0.889448017396129 -0.5041220488496759
-0.125072715704507 -0.889448017396129 -0.5041220488496759
-0.1699925747168165 -0.9496973556388886 -0.3606625254079631
-0.2107097424504351 -0.9864675225084975 -0.2082864169177109
-0.2462175767857754 -0.9988494567716844 -0.05076088640530232
-0.2756382248758236 -0.9865370424276306 0.1080195950068709
ARC 13 255 255 255
1.009769699914879 0.1329243395607038 0.153610784407105
0.9979656657720933 0.07433530979372091 0.2438007212006022
0.9910186161231078 0.1538775819016173 0.2347419695869307
0.9792798750386913 0.2259426155943775 0.2255235260512229
0.945412784680588 0.3525232133667796 0.2069348945926141
0.8388343517797409 0.5300373854644536 0.2762558601808622
0.7782574033889295 0.6035915657579568 0.3014840556583047
0.7139997532590678 0.6683780086638418 0.3230714934508269
0.7139997532590678 0.6683780086638418 0.3230714934508269
0.8200187354153026 0.5515100386690449 0.2903548704863702
0.9059654425745589 0.4211423025327432 0.2505309918515136
0.9697360862906969 0.2804659188689961 0.2045746594731917
1.009769699914879 0.1329243395607038 0.153610784407105
ARC 13 255 255 255
-0.1859171175831286 -0.6596590994428213 0.7688853607085177
-0.3621381311689036 -0.7420890040997764 0.6156783932766329
-0.3950745153378218 -0.722454156269439 0.6187698436572345
-0.4243447458910115 -0.7042926157169712 0.6203252760296324
-0.4750131623440288 -0.6712330918782853 0.6202488468086358
-0.5572195354416003 -0.6457663287171542 0.5774012798889656
-0.5918377749345608 -0.6322962635001539 0.5575208366727225
-0.6234492696429424 -0.6188277228136306 0.5378319976154056
-0.6234492696429424 -0.6188277228136306 0.5378319976154056
-0.5566484945475472 -0.7433714506695971 0.4454675519578595
-0.4748914708321828 -0.8479419847738433 0.3411341105615822
-0.3803748780623075 -0.9297296832757118 0.2276349449779824
-0.2756382248758236 -0.9865370424276306 0.1080195950068709
ARC 16 255 255 255
-0.2756382248758236 -0.9865370424276306 0.1080195950068709
-0.2462175767857754 -0.9988494567716844 -0.05076088640530232
-0.2107097424504351 -0.9864675225084975 -0.2082864169177109
-0.1699925747168165 -0.9496973556388886 -0.3606625254079631
-0.125072715704507 -0.889448017396129 -0.5041220488496759
-0.1534255521895258 -0.8720954514974532 -0.5261274782909482
-0.1790424904466894 -0.8555659141072308 -0.5448401171284157
-0.2243271385538001 -0.8243873734447329 -0.5752936584155599
-0.2581573050064546 -0.7592549558855017 -0.6463642300089859
-0.2756332584878705 -0.7275352089058911 -0.6749954271086734
-0.2929148717950869 -0.6959576709151719 -0.7005310829474999
-0.2929148717950869 -0.6959576709151719 -0.7005310829474999
-0.3912583021901712 -0.6033073904756147 -0.7374531399111193
-0.4823663700629535 -0.4995004197932177 -0.7607378100625004
-0.5645542551908953 -0.3864564141469228 -0.7699545005456853
-0.6363020942496574 -0.2662658451184077 -0.7649327712792022
ARC 35 255 255 255
1.009769699914879 0.1329243395607038 0.153610784407105
0.9697360862906969 0.2804659188689961 0.2045746594731917
0.9059654425745589 0.4211423025327432 0.2505309918515136
0.8200187354153026 0.5515100386690449 0.2903548704863702
0.7139997532590678 0.6683780086638418 0.3230714934508269
0.7111471164441179 0.7272540712900403 0.1620842205931148
0.7002932958601881 0.7510953860156787 0.07965563934357535
0.6927508370451819 0.7612725816882447 0.03821431855881402
0.6884864367246161 0.7658859835748992 0.01746672865050873
0.6862356864288237 0.7680692134615824 0.007089852189366761
0.6850812824296298 0.7691293924257039 0.001901097430949971
0.6844969002548708 0.769651552894694 -0.0006933024301288226
0.684202923811838 0.7699106421874483 -0.00199050090254739
0.6840554904660455 0.7700396880163445 -0.002639098889494811
0.6839816626641347 0.7701040860914188 -0.002963397460065224
0.6839447209999467 0.7701362539022528 -0.003125546625801248
0.683926243229423 0.7701523299988875 -0.003206621177053948
0.6839170026098512 0.7701603660947459 -0.003247158444560591
0.6839123818665248 0.7701643836545273 -0.003267427076256811
0.6839100713864813 0.7701663923123774 -0.003277561391587596
0.683908916119365 0.7701673966107911 -0.003282628549122977
0.6839083384790333 0.7701678987523708 -0.00328516212785827
0.6839080496571737 0.7701681498212536 -0.003286428917217803
0.683907905245821 0.770168275355218 -0.003287062311895253
0.6839078330400389 0.7701683381220811 -0.003287379009233724
0.6839077969371211 0.7701683695054828 -0.003287537357902755
0.6839077788856555 0.7701683851971765 -0.003287616532237247
0.6839077608341859 0.7701684008888648 -0.003287695706571687
0.6398408988691797 0.7893438200657793 -0.1686415069259127
0.5778908981733163 0.7864575906898599 -0.3292818972472353
0.5778908981733163 0.7864575906898599 -0.3292818972472353
0.4494468447541072 0.8780720363550769 -0.2964574720121353
0.3100013101803225 0.9481931884905432 -0.2563764126955145
0.162967617826259 0.9951046338145558 -0.2100198164479568
0.01194483266345058 1.017658082184042 -0.1585223919140114
ARC 34 255 255 255
-0.2756382248758236 -0.9865370424276306 0.1080195950068709
-0.3803748780623075 -0.9297296832757118 0.2276349449779824
-0.4748914708321828 -0.8479419847738433 0.3411341105615822
-0.5566484945475472 -0.7433714506695971 0.4454675519578595
-0.6234492696429424 -0.6188277228136306 0.5378319976154056
-0.6332856283999377 -0.5641822113839069 0.584420863094449
-0.6383200581796681 -0.5347456523037096 0.6062133210906745
-0.640751302727853 -0.519541303235786 0.6167775954788084
-0.6419303519952627 -0.511821809983947 0.6219838084805702
-0.6425088015509451 -0.5079332121626369 0.6245688848411469
-0.642795012977685 -0.505981758312784 0.6258570376257836
-0.64293733458057 -0.5050042497964728 0.6265000331124763
-0.6430082954951142 -0.5045150510289091 0.6268212625699332
-0.6430437254974531 -0.5042703406285836 0.6269818104703583
-0.6430614278244384 -0.5041479576881215 0.627062067743928
-0.6430702758118252 -0.5040867592845445 0.6271021922153588
-0.6430746990105471 -0.5040561583496356 0.6271222534102113
-0.6430769104110471 -0.504040857448928 0.6271322837474815
-0.6430780160615668 -0.5040332068902643 0.6271372988510849
-0.6430785688743926 -0.5040293815838554 0.6271398063866297
-0.6430788452776964 -0.5040274689238817 0.627141060150338
-0.6430789834785713 -0.5040265125922025 0.6271416870311761
-0.6430790525788144 -0.50402603442594 0.6271420004713412
-0.6430790871288874 -0.504025795342703 0.6271421571913603
-0.6430791044039116 -0.5040256758010578 0.6271422355513538
-0.6430791130414207 -0.5040256160302287 0.6271422747313466
-0.6430791173601748 -0.5040255861448126 0.6271422943213422
-0.6430791216789278 -0.5040255562593953 0.627142313911337
-0.6534657512441585 -0.3697890464036465 0.7050805437046107
-0.6534657512441585 -0.3697890464036465 0.7050805437046107
-0.5496816518007401 -0.4563124313440319 0.7419764461723216
-0.435732538604633 -0.534397437224575 0.765151314374463
-0.3137256209813632 -0.6026000734080511 0.7741765859727802
-0.1859171175831286 -0.6596590994428213 0.7688853607085177
ARC 34 255 255 255
-0.6363020942496574 -0.2662658451184077 -0.7649327712792022
-0.5645542551908953 -0.3864564141469228 -0.7699545005456853
-0.4823663700629535 -0.4995004197932177 -0.7607378100625004
-0.3912583021901712 -0.6033073904756147 -0.7374531399111193
-0.2929148717950869 -0.6959576709151719 -0.7005310829474999
-0.3618320943635992 -0.7011394467610725 -0.6621034750581124
-0.3949875836431375 -0.7016345722563926 -0.6423345979957364
-0.411183128968678 -0.7014931002602286 -0.6322466802908659
-0.4191795369142521 -0.7013412474156112 -0.6271435007283959
-0.4231517057938358 -0.7012470061788829 -0.6245760723954458
-0.4251311954739269 -0.7011955490179959 -0.6232882709246669
-0.4261192808840654 -0.70116876636059 -0.6226433325261063
-0.4266129073885076 -0.7011551152567967 -0.6223206019398304
-0.4268596164226012 -0.7011482252283237 -0.6221591710540975
-0.426982944864114 -0.7011447641532912 -0.6220784391823869
-0.4270446025633613 -0.7011430296078663 -0.622038069135486
-0.4270754297822793 -0.7011421613340877 -0.622017883083795
-0.4270908429840208 -0.7011417269470457 -0.6220077898008294
-0.427098549482957 -0.7011415096910008 -0.6220027430950591
-0.427102402706941 -0.7011414010473492 -0.6220002197261011
-0.4271043293125618 -0.7011413467216164 -0.6219989580376039
-0.4271052926137794 -0.7011413195577731 -0.6219983271923506
-0.4271057742639902 -0.7011413059756073 -0.6219980117694729
-0.4271060150889959 -0.7011412991844636 -0.6219978540579711
-0.4271061355014738 -0.7011412957888763 -0.6219977752022046
-0.4271061957077065 -0.7011412940910787 -0.6219977357743174
-0.4271062258108215 -0.7011412932421789 -0.621997716060373
-0.4271062559139352 -0.7011412923932788 -0.6219976963464277
-0.5430445129246528 -0.6947948189848037 -0.5322244042641229
-0.5430445129246528 -0.6947948189848037 -0.5322244042641229
-0.6742204303086995 -0.6427458093180031 -0.4395504930704744
-0.7872811304961215 -0.5734272548338127 -0.3350665679809116
-0.8791888545460333 -0.4887016334605 -0.2215799438014935
-0.9474741899215752 -0.3908453862020762 -0.1021398233648616
ARC 13 255 255 255
0.01194483266345058 1.017658082184042 -0.1585223919140114
0.162967617826259 0.9951046338145558 -0.2100198164479568
0.3100013101803225 0.9481931884905432 -0.2563764126955145
0.4494468447541072 0.8780720363550769 -0.2964574720121353
0.5778908981733163 0.7864575906898599 -0.3292818972472353
0.4259600272784166 0.8942843142745611 -0.28233600621148
0.2373847574560597 0.9794594658493766 -0.2126208637118699
0.107610031605922 0.9980356886292185 -0.2307484459756429
0.03462412011905674 1.001128504151894 -0.2396724608305506
-0.004352187345570114 1.000657130362822 -0.2440622173122083
-0.04521926565301417 0.9985800940972399 -0.2483807836499229
-0.04521926565301417 0.9985800940972399 -0.2483807836499229
0.01194483266345058 1.017658082184042 -0.1585223919140114
ARC 16 255 255 255
-0.1859171175831286 -0.6596590994428213 0.7688853607085177
-0.3137256209813632 -0.6026000734080511 0.7741765859727802
-0.435732538604633 -0.534397437224575 0.765151314374463
-0.5496816518007401 -0.4563124313440319 0.7419764461723216
-0.6534657512441585 -0.3697890464036465 0.7050805437046107
-0.720657762144144 -0.3430171313486675 0.651069610305016
-0.7896340121236702 -0.3174637396380404 0.580167993698813
-0.8260770801898769 -0.276328438794502 0.5496719489826281
-0.8455987699277916 -0.2529348649456398 0.5309300089385949
-0.8557759435331747 -0.2403070827594874 0.5203845121115054
-0.8662751562049407 -0.226937625423796 0.5088876771047955
-0.8662751562049407 -0.226937625423796 0.5088876771047955
-0.9213981005316163 -0.2793493948304143 0.3659090815279268
-0.9537415101198313 -0.3248548669047113 0.2138841913809104
-0.9625057655414042 -0.362329019268946 0.05657148659138733
-0.9474741899215752 -0.3908453862020762 -0.1021398233648616
ARC 13 255 255 255
-0.9474741899215752 -0.3908453862020762 -0.1021398233648616
-0.8791888545460333 -0.4887016334605 -0.2215799438014935
-0.7872811304961215 -0.5734272548338127 -0.3350665679809116
-0.6742204303086995 -0.6427458093180031 -0.4395504930704744
-0.5430445129246528 -0.6947948189848037 -0.5322244042641229
-0.5777926050447489 -0.6324038212089406 -0.5719450257462978
-0.6129821593751242 -0.5539900523224528 -0.6150186129017361
-0.6518008100631875 -0.5075861629528607 -0.6151520065640398
-0.6732890908814648 -0.4806611426939276 -0.6136339837428975
-0.6847109042733092 -0.4659594078299277 -0.6123339022330958
-0.696667304034385 -0.4502625607630433 -0.6105884816016172
-0.696667304034385 -0.4502625607630433 -0.6105884816016172
-0.6363020942496574 -0.2662658451184077 -0.7649327712792022
ARC 12 255 255 255
0.01194483266345058 1.017658082184042 -0.1585223919140114
-0.04521926565301417 0.9985800940972399 -0.2483807836499229
-0.07026486021781152 1.010747302112929 -0.1853449235614682
-0.0897108656550388 1.019199156290818 -0.1186804128721711
-0.1092190034804434 1.024027095375768 0.01843141923475879
-0.084261836151722 0.9921319569777513 0.2635794432649062
-0.2746877719063626 0.9255147973297242 0.3589832696503245
-0.2746877719063626 0.9255147973297242 0.3589832696503245
-0.208252686632578 0.9811127156441363 0.2344113003071768
-0.1372982442971237 1.0154191982924 0.1047522975984164
-0.06336424957292268 1.027689749502938 -0.02717996767195855
0.01194483266345058 1.017658082184042 -0.1585223919140114
ARC 13 255 255 255
-0.9474741899215752 -0.3908453862020762 -0.1021398233648616
-0.9625057655414042 -0.362329019268946 0.05657148659138733
-0.9537415101198313 -0.3248548669047113 0.2138841913809104
-0.9213981005316163 -0.2793493948304143 0.3659090815279268
-0.8662751562049407 -0.226937625423796 0.5088876771047955
-0.8765663125947218 -0.2455726857644326 0.4818978684644038
-0.8841924760300123 -0.2669218293150787 0.4559127135395635
-0.890849380627206 -0.3151619853470093 0.4098296036504132
-0.8774404211686191 -0.4123853516520837 0.3477594413416026
-0.9118802468460373 -0.4090051814432482 0.2491769992687638
-0.9118802468460373 -0.4090051814432482 0.2491769992687638
-0.9436819916502096 -0.4059498080475057 0.07462608110632048
-0.9474741899215752 -0.3908453862020762 -0.1021398233648616
ARC 9 255 255 255
-0.6363020942496574 -0.2662658451184077 -0.7649327712792022
-0.696667304034385 -0.4502625607630433 -0.6105884816016172
-0.6873026982920665 -0.429663973313574 -0.6355343192596582
-0.6744157450129614 -0.4104260016612269 -0.6615239224993991
-0.6386416227838283 -0.3788019486104613 -0.7138248814498942
-0.5439212555631667 -0.3485879106787603 -0.8022070407788782
-0.5452393017314641 -0.2251130994496281 -0.8443566759986962
-0.5452393017314641 -0.2251130994496281 -0.8443566759986962
-0.6363020942496574 -0.2662658451184077 -0.7649327712792022
ARC 16 0 0 0
-0.1859171175831286 -0.6596590994428213 0.7688853607085177
-0.1554839877977761 -0.5639917568668827 0.8477252076732812
-0.09675567431652325 -0.5745247221945147 0.8493878284240192
-0.06337781161350919 -0.5773678944219209 0.8506054123304648
-0.02708064832120887 -0.5776202697042485 0.8523622836055654
0.01204644029709535 -0.5742552581988313 0.8549770650182158
0.05345466947096131 -0.5660683817501379 0.8588417697658461
0.09592104148552415 -0.5519161226645616 0.8643423785417726
0.1375271050183791 -0.5311525326591452 0.8717013722801172
0.147720023598525 -0.490717331683777 0.8934625313986062
0.1525791919447592 -0.4524981413485067 0.9126143885900719
0.1520257732471448 -0.3835528967628112 0.9437559746319301
0.1313309476548827 -0.2717073182318698 0.984798108958032
0.1313309476548827 -0.2717073182318698 0.984798108958032
0.1853166973337333 -0.1195850452436769 1.006109903859109
0.2346717410631161 0.03552542680290958 1.002280957614619
ARC 16 0 0 0
-0.2756382248758236 -0.9865370424276306 0.1080195950068709
-0.2918342202535782 -0.9854008969189534 -0.06868668168071555
-0.2993682466150729 -0.9550169406830417 -0.2433542601373986
-0.2805589700592214 -0.9697555504496486 -0.2043546835563312
-0.2724273513854974 -0.9766194668222652 -0.18137738348779
-0.2658658524564598 -0.9828204441432493 -0.1558182372884068
-0.2616481534514455 -0.9879957086982839 -0.1276899502279831
-0.2606847542841528 -0.9916969226789955 -0.09736874464026612
-0.2638308397338219 -0.993462935639267 -0.06576232596522097
-0.2715483334693091 -0.9929672656083763 -0.03431489502045939
-0.298745774329097 -0.9855136521288481 -0.02034216773523137
-0.3236928158233848 -0.9777623577653786 -0.01018492618609989
-0.3669940632567249 -0.9623968273861923 0.00277563890134496
-0.4333059950327898 -0.9343165613870987 0.01408821445150151
-0.4333059950327898 -0.9343165613870987 0.01408821445150151
-0.2756382248758236 -0.9865370424276306 0.1080195950068709
ARC 19 0 0 0
1.009769699914879 0.1329243395607038 0.153610784407105
1.028078681540509 0.05870320276909482 0.02254237224828752
1.024077004301783 -0.01679187069170352 -0.1090152390217023
0.9978515098552428 -0.09192253848450807 -0.2382070762974442
0.949971325905461 -0.1650583663541655 -0.3622295068791535
0.9282867084309668 -0.2563648612199615 -0.365322932324363
0.9116858242733326 -0.3039904530614513 -0.3705654628625659
0.8905548745431157 -0.3521337256015376 -0.3792279719660409
0.8645156445318698 -0.3996837218450758 -0.3921295995608005
0.833532291700872 -0.4450065041082323 -0.409991621857401
0.7981642931673001 -0.4860354063967932 -0.4331320177976323
0.7597081913447022 -0.5206861292653527 -0.4611175758897355
0.7322768953704775 -0.5139771489250581 -0.5103900850226653
0.7074968224618288 -0.5038894355338225 -0.5535735569586225
0.6639942409160844 -0.4790996802122903 -0.6248801040605744
0.5926886177033392 -0.4266255330319429 -0.7263682654205893
0.5926886177033392 -0.4266255330319429 -0.7263682654205893
0.5294606523407956 -0.309439643462303 -0.8275376273480147
0.4522759923360858 -0.1840968595230994 -0.9068929226045052
ARC 16 0 0 0
0.01194483266345058 1.017658082184042 -0.1585223919140114
-0.06336424957292268 1.027689749502938 -0.02717996767195855
-0.1372982442971237 1.0154191982924 0.1047522975984164
-0.208252686632578 0.9811127156441363 0.2344113003071768
-0.2746877719063626 0.9255147973297242 0.3589832696503245
-0.4533516950014975 0.8444809293101178 0.3771262397006991
-0.5386994132904017 0.7770263750452356 0.4085742950855299
-0.5751601461824908 0.7371668558419737 0.4320599876075017
-0.6049018259270482 0.6950180753543957 0.4603733875027903
-0.5947876475851444 0.6688077856861623 0.5097291438457316
-0.5816577580049289 0.6456004623438087 0.5529686207861528
-0.551596143117392 0.6056744439310783 0.6243397815827507
-0.4906292363499978 0.5415575677628103 0.7258776434341032
-0.4906292363499978 0.5415575677628103 0.7258776434341032
-0.3663615691865323 0.4931102599456437 0.8267535740228292
-0.2324365336675009 0.4316644615095572 0.9058361057532983
ARC 13 0 0 0
-0.9474741899215752 -0.3908453862020762 -0.1021398233648616
-0.9436819916502096 -0.4059498080475057 0.07462608110632048
-0.9118802468460373 -0.4090051814432482 0.2491769992687638
-0.9438208174815912 -0.3794428631358813 0.1616334683895201
-0.9534953155758341 -0.3756265328121781 0.1032055765084534
-0.9550109062251979 -0.3791101687555848 0.07162156754105727
-0.9537395046035996 -0.3868649704116144 0.04020512438609592
-0.943181659315111 -0.413056915939417 0.02631238731493511
-0.9325781371223071 -0.4369608641491738 0.01622409823363598
-0.912255550455281 -0.4782033320776365 0.003373996647591228
-0.8765797770957278 -0.5407838662228637 -0.007791304117823071
-0.8765797770957278 -0.5407838662228637 -0.007791304117823071
-0.9474741899215752 -0.3908453862020762 -0.1021398233648616
ARC 13 0 0 0
-0.6363020942496574 -0.2662658451184077 -0.7649327712792022
-0.5452393017314641 -0.2251130994496281 -0.8443566759986962
-0.5739740986891679 -0.09924494494602279 -0.8494728806363498
-0.5720532765068838 -0.01794057785781038 -0.856348751679984
-0.5630449433816609 0.02587432414567319 -0.8620968107366753
-0.5473778718424619 0.06960767565331777 -0.8697311290895365
-0.5085241334213674 0.08440534020709456 -0.8917280663254757
-0.4712291198608112 0.09365719893248781 -0.9110825679834543
-0.4028347106312353 0.1011096649469103 -0.9425502806561423
-0.2895017527171392 0.09358657888340903 -0.9840377469521198
-0.2895017527171392 0.09358657888340903 -0.9840377469521198
-0.1449215668408181 0.1650751753940294 -1.006304092177426
0.003279928779395627 0.2324388624507948 -1.003424843867134
ARC 27 0 0 0
-0.2875348146706523 -0.2119975921594924 0.9660645688932448
-0.1805893604168851 -0.2552265798679069 0.9814004665951364
-0.1243542486781144 -0.2452055703923232 0.9926279509888269
-0.095317152312887 -0.2372563602851589 0.9977595201145419
-0.06592334223605716 -0.2270417515293549 1.002499953122648
-0.05117728598224427 -0.2210221114250045 1.004703992059713
-0.03645217521065855 -0.2143669793691752 1.006785993684133
-0.0217930968322804 -0.2070612265665119 1.008737185486503
-0.01450329433243596 -0.2031610373370763 1.009660956639223
-0.007248300385414957 -0.1990949047465948 1.01054870295571
-3.451269129717967e-05 -0.1948625023177222 1.011399329641537
0.003554903632147866 -0.1926839562667937 1.011810385229141
0.007131579544946056 -0.190463901135268 1.012211757952618
0.01069469492998461 -0.1882024097802149 1.012603316434069
0.01424342810097363 -0.1858995811321145 1.012984931028511
0.02129445979106258 -0.1811704389584895 1.013717819725882
0.02827811166168945 -0.1762777922035771 1.014409428375289
0.03518786686555753 -0.1712233798027991 1.015058800382696
0.04876006647023916 -0.1606382955920362 1.01622723536968
0.05805386701660772 -0.1726124878846505 1.013772497925787
0.06759947927317002 -0.1850379292725364 1.010985299167366
0.08752149949017843 -0.2114067254617895 1.004264498803236
0.1086961251762533 -0.2401293765364693 0.9957022822590469
0.1313309476548827 -0.2717073182318698 0.984798108958032
0.1313309476548827 -0.2717073182318698 0.984798108958032
0.1853166973337333 -0.1195850452436769 1.006109903859109
0.2346717410631161 0.03552542680290958 1.002280957614619
ARC 27 0 0 0
-0.2756382248758236 -0.9865370424276306 0.1080195950068709
-0.3980200929761603 -0.9496902418913501 -0.02384219041107844
-0.5077502049922276 -0.8826558967862085 -0.1549461106284543
-0.5008205830428858 -0.8920170216895248 -0.1199348849031584
-0.4986409316313206 -0.8955297425109692 -0.1014085873093879
-0.4974759459452973 -0.8981308520081402 -0.08233259304166089
-0.4973075765243006 -0.8990602554735452 -0.07263491832012252
-0.4974305166740551 -0.8997284868665598 -0.06286120426935245
-0.4978537884547924 -0.9001270089841392 -0.05303746806247872
-0.4981802277248895 -0.9002229457566073 -0.0481155758281399
-0.4985840378128489 -0.9002490865375757 -0.0431918907492635
-0.4990656248569121 -0.9002049178717767 -0.03827019631054739
-0.4993356612090114 -0.9001563466395479 -0.03581129779135945
-0.4996252099017725 -0.900090071707616 -0.03335434670306633
-0.4999342687222691 -0.9000060707031686 -0.030899832597815
-0.5002628232770561 -0.8999043309681315 -0.02844824689974192
-0.5009783006468347 -0.8996476338391203 -0.02355583173403198
-0.5017712808359013 -0.8993200766768001 -0.01868104425169073
-0.5026412055057738 -0.8989219154620482 -0.01382781362851267
-0.5046086803815066 -0.8979156011387124 -0.004201537259067853
-0.4971323994731133 -0.9020831717556079 -0.002308382430976804
-0.4893259975444273 -0.9063442850228928 -0.000324242953431278
-0.4725858998947178 -0.9151759055062645 0.003953378490439382
-0.4540603781894743 -0.9244745332132274 0.008718394268271363
-0.4333059950327898 -0.9343165613870987 0.01408821445150151
-0.4333059950327898 -0.9343165613870987 0.01408821445150151
-0.2756382248758236 -0.9865370424276306 0.1080195950068709
ARC 28 0 0 0
0.4522759923360858 -0.1840968595230994 -0.9068929226045052
0.5716157046424495 -0.121067417519799 -0.8482323777251155
0.6792872490016105 -0.0555666736451851 -0.7722571968740942
0.6585029605585047 -0.1306214062999772 -0.7811606103432895
0.6437978234651875 -0.1669595958981017 -0.786478770113364
0.6262223826813593 -0.2019960791537237 -0.7924286159872094
0.6163881895527067 -0.2188963038806326 -0.7956443979111111
0.6058843314398188 -0.2353146269521341 -0.7990189004385952
0.5947396829076608 -0.251200047434944 -0.8025479709921253
0.5889377985691296 -0.2589276343226471 -0.8043685409068562
0.5829893564734928 -0.2665040693410164 -0.806225149237669
0.5768996664711981 -0.2739238731268023 -0.8081166293033647
0.5738036052435904 -0.2775734070741837 -0.8090750436731363
0.5706743741403063 -0.2811818660981045 -0.8100416760125108
0.5675127275159445 -0.2847486549262571 -0.8110163423908922
0.5643194376283756 -0.2882732009611264 -0.8119988509366378
0.5578411011525339 -0.2951933928645919 -0.8139865887556251
0.5512458654478478 -0.3019383467276378 -0.8160032050194621
0.5445404555213897 -0.3085043813104231 -0.8180469051422605
0.5308269254414506 -0.3210871555729259 -0.8222078896194468
0.5385549553795044 -0.3325348063674363 -0.8125756349967378
0.5463030983983416 -0.3444017276758674 -0.8023966442192102
0.5618328499232019 -0.3695326821108228 -0.7801855199881336
0.5773385612291512 -0.3968029076874938 -0.755067969237607
0.5926886177033392 -0.4266255330319429 -0.7263682654205893
0.5926886177033392 -0.4266255330319429 -0.7263682654205893
0.5294606523407956 -0.309439643462303 -0.8275376273480147
0.4522759923360858 -0.1840968595230994 -0.9068929226045052
ARC 28 0 0 0
-0.2324365336675009 0.4316644615095572 0.9058361057532983
-0.1842091336370371 0.5573372134805027 0.8463700287430322
-0.1322215445650926 0.6716332587639932 0.7696273311641683
-0.2042538315761678 0.642164548949553 0.778976934420315
-0.2385755119524108 0.6232922148869371 0.7845307769348386
-0.2712625680566923 0.6017266399851571 0.7907222457370614
-0.2868676646935101 0.5899789413510104 0.794060319947819
-0.301914390846535 0.5776240090908061 0.7975576497793937
-0.3163555355282936 0.5646965244225832 0.801209716894186
-0.3233351149282545 0.5580305336201565 0.8030917301292151
-0.3301471224568385 0.551237055553068 0.80500968076083
-0.3367867500172917 0.5443220049723966 0.8069623534686242
-0.3400405103650629 0.5408208203453301 0.8079512928337154
-0.3432495274715414 0.5372915938980988 0.8089483945326822
-0.3464133002197855 0.5337351441813752 0.8099534685996
-0.3495313521589156 0.5301523048048505 0.810966317160007
-0.3556285156780954 0.522910860774189 0.8130145081860419
-0.3615377274959857 0.5155741929568196 0.8150912360919865
-0.3672561349983849 0.5081494057505033 0.8171946602502113
-0.3781114090850512 0.4930645357777186 0.8214737523974945
-0.3904332403974714 0.4993389733686697 0.8118635811932035
-0.40317609296579 0.5055812071288945 0.8017086010882822
-0.4300609087567098 0.5179248937650562 0.7795520631605105
-0.4590794468650134 0.5299779324556125 0.7544994715546114
-0.4906292363499978 0.5415575677628103 0.7258776434341032
-0.4906292363499978 0.5415575677628103 0.7258776434341032
-0.3663615691865323 0.4931102599456437 0.8267535740228292
-0.2324365336675009 0.4316644615095572 0.9058361057532983
ARC 27 0 0 0
-0.9474741899215752 -0.3908453862020762 -0.1021398233648616
-0.8958568831485474 -0.5073822153740366 0.03006214292934974
-0.8157632180902736 -0.6077910245192122 0.1613085320895553
-0.8260263525729262 -0.6021838649383332 0.1263133312956285
-0.829850650838143 -0.6005232287257287 0.107794939882801
-0.8326520973247903 -0.5997649852852108 0.08872681244392074
-0.8336359873053029 -0.5997539632176598 0.0790330581100285
-0.8343264176739371 -0.6000016919986998 0.06926325411119867
-0.8347137341460483 -0.6005159968650912 0.05944341458131614
-0.8347912620295924 -0.6008749792419932 0.05452346430642724
-0.8347903434731602 -0.6013025463210734 0.04960171601625109
-0.8347104045688598 -0.6017990226273215 0.04468195238898009
-0.8346406683404509 -0.6020731576487427 0.04222401675679013
-0.8345510373768341 -0.6023645657442567 0.03976802671724135
-0.8344414876488763 -0.6026732397347293 0.03731447169632801
-0.8343120062062297 -0.602999161485596 0.03486384298673993
-0.833993252428992 -0.6037026205793224 0.02997333495909645
-0.8335948977158848 -0.6044745769563056 0.02510044452871407
-0.8331172456124271 -0.6053144877059096 0.02024909964654033
-0.8319261702516517 -0.6071951280819633 0.01062655560132369
-0.8369564849704286 -0.6002730838697603 0.008721642473313683
-0.8421191043323611 -0.593034730237191 0.006724793748816443
-0.8528861658062675 -0.5774767001657146 0.002418458600285218
-0.8643301279995306 -0.5602033225329111 -0.002380599798815147
-0.8765797770957278 -0.5407838662228637 -0.007791304117823071
-0.8765797770957278 -0.5407838662228637 -0.007791304117823071
-0.9474741899215752 -0.3908453862020762 -0.1021398233648616
ARC 27 0 0 0
-0.1806055131641242 -0.3151888331395881 -0.9638141148991483
-0.2362410522140243 -0.2141782590854753 -0.9793966707029005
-0.2329872359209409 -0.1572070582153516 -0.9909101315180883
-0.2285489459403738 -0.1274586631097004 -0.9962026242225184
-0.2219016890724387 -0.09708637918270369 -1.001116314602849
-0.2176772403329413 -0.08174278241390169 -1.003411548949019
-0.2128187694262455 -0.06634427412828907 -1.005587693177621
-0.2073058855792942 -0.05093379415969379 -1.007635856059461
-0.2042989498159835 -0.04323852725264275 -1.008609125908104
-0.2011229678185828 -0.03555803475339678 -1.009547016230706
-0.1977768543010309 -0.02789862560308214 -1.010448406694893
-0.1960397636419627 -0.02407883737591182 -1.010885067978466
-0.1942599079955012 -0.0202667466810797 -1.011312190732686
-0.1924372621797984 -0.0164631758612149 -1.011729639758224
-0.1905718267250852 -0.01266895190775109 -1.012137281457522
-0.1867127192690469 -0.005111869387788548 -1.012922617604386
-0.182683113740694 0.002397833011598753 -1.013667169415511
-0.1784839622572705 0.009853483207848186 -1.014369944391896
-0.1695829508260836 0.02457613491828377 -1.015646413069822
-0.1825615267136801 0.03240079463571811 -1.013173962096808
-0.1960165470092273 0.04042373804062889 -1.010367969950256
-0.2245272127945503 0.05712061090695269 -1.003605882069414
-0.2555155022027721 0.07479181012196477 -0.9949964890755872
-0.2895017527171392 0.09358657888340903 -0.9840377469521198
-0.2895017527171392 0.09358657888340903 -0.9840377469521198
-0.1449215668408181 0.1650751753940294 -1.006304092177426
0.003279928779395627 0.2324388624507948 -1.003424843867134
ARC 16 0 0 0
0.01194483266345058 1.017658082184042 -0.1585223919140114
-0.06336424957292268 1.027689749502938 -0.02717996767195855
-0.1372982442971237 1.0154191982924 0.1047522975984164
-0.208252686632578 0.9811127156441363 0.2344113003071768
-0.2746877719063626 0.9255147973297242 0.3589832696503245
-0.1036782106725689 0.9136476596110431 0.4641107440245246
-0.01193898893729596 0.9077120705443371 0.4866377066476328
0.07017045533076442 0.8927745884883156 0.5088512959089245
0.1443199491062472 0.8711043189964899 0.5303291597825184
0.1788316979426819 0.8582017278514561 0.5407485720033967
0.2118201833754351 0.8440877618701448 0.5509519581377733
0.2118201833754351 0.8440877618701448 0.5509519581377733
0.1690483134776985 0.9391057634344657 0.387818298684468
0.1203057437798199 1.000955030696151 0.2109870956661849
0.06731403686450974 1.027451079231303 0.02670393655315591
0.01194483266345058 1.017658082184042 -0.1585223919140114
ARC 14 0 0 0
-0.9474741899215752 -0.3908453862020762 -0.1021398233648616
-0.9436819916502096 -0.4059498080475057 0.07462608110632048
-0.9118802468460373 -0.4090051814432482 0.2491769992687638
-0.8649096335727717 -0.483595636611551 0.2810099393318372
-0.8415368203066345 -0.5096197078348241 0.3049648069114658
-0.8192254787704234 -0.5337136610263584 0.3239125545069407
-0.7977721078334971 -0.5562123331069734 0.3392454929141971
-0.7872977649689542 -0.5669678489809211 0.3458463350923889
-0.7769551938814286 -0.5774456897956226 0.3518481235378833
-0.7769551938814286 -0.5774456897956226 0.3518481235378833
-0.6777362438236002 -0.7142364452107918 0.3023902844678199
-0.5587121218411351 -0.8301554002446864 0.2440958343609359
-0.4233610146482957 -0.9218151090366296 0.1786682848962074
-0.2756382248758236 -0.9865370424276306 0.1080195950068709
ARC 11 0 0 0
-0.6363020942496574 -0.2662658451184077 -0.7649327712792022
-0.5452393017314641 -0.2251130994496281 -0.8443566759986962
-0.454118153276809 -0.3015266116596194 -0.8739327235694575
-0.4218397072419742 -0.3471588419466745 -0.8731735221891749
-0.3910229789171447 -0.3862398945509826 -0.8711026195667236
-0.3614526158264789 -0.4206073548310889 -0.8679524523694777
-0.3470439390856134 -0.4364209897146101 -0.8660238011050629
-0.332835314990024 -0.4514805386320321 -0.8638784499754706
-0.332835314990024 -0.4514805386320321 -0.8638784499754706
-0.4925364617733475 -0.3647741392837177 -0.8277968719037385
-0.6363020942496574 -0.2662658451184077 -0.7649327712792022
ARC 17 0 0 0
0.01194483266345058 1.017658082184042 -0.1585223919140114
0.162967617826259 0.9951046338145558 -0.2100198164479568
0.3100013101803225 0.9481931884905432 -0.2563764126955145
0.4494468447541072 0.8780720363550769 -0.2964574720121353
0.5778908981733163 0.7864575906898599 -0.3292818972472353
0.6291001895380368 0.670050922768855 -0.4649351701256985
0.6460924025866367 0.6076510605139087 -0.5236647744274474
0.6572117503207742 0.5441602752503796 -0.5769422068801481
0.7430750811081021 0.4337356951404858 -0.5662267837158425
0.779313795987866 0.372796975156979 -0.5608853917662588
0.7956710355417276 0.3407192486545043 -0.5583171113231843
0.8107780229287281 0.3074897905340726 -0.5558678136509569
0.8107780229287281 0.3074897905340726 -0.5558678136509569
0.9108774437949804 0.2770300098070125 -0.3930097404032743
0.9788051401428386 0.2367856711028583 -0.2162707645298533
1.012161940548135 0.1881781838406652 -0.03189321608529837
1.009769699914879 0.1329243395607038 0.153610784407105
ARC 15 0 0 0
-0.1859171175831286 -0.6596590994428213 0.7688853607085177
-0.3137256209813632 -0.6026000734080511 0.7741765859727802
-0.435732538604633 -0.534397437224575 0.765151314374463
-0.5496816518007401 -0.4563124313440319 0.7419764461723216
-0.6534657512441585 -0.3697890464036465 0.7050805437046107
-0.596392200003423 -0.3394397729531132 0.7681126117390703
-0.5661592668451151 -0.3245758788991148 0.7968777719338577
-0.5351658712261286 -0.3094702537673182 0.8238480759872966
-0.4734087268956455 -0.3458266268562141 0.8468696012116015
-0.4403963876649693 -0.3630944348368887 0.8573875746254588
-0.4231425911046747 -0.3715030094845594 0.8624591941287062
-0.4052932384652354 -0.3797474722285246 0.8674267970211711
-0.4052932384652354 -0.3797474722285246 0.8674267970211711
-0.3004658102714629 -0.5282487604685432 0.8316090090429282
-0.1859171175831286 -0.6596590994428213 0.7688853607085177
ARC 17 0 0 0
-0.9474741899215752 -0.3908453862020762 -0.1021398233648616
-0.8791888545460333 -0.4887016334605 -0.2215799438014935
-0.7872811304961215 -0.5734272548338127 -0.3350665679809116
-0.6742204303086995 -0.6427458093180031 -0.4395504930704744
-0.5430445129246528 -0.6947948189848037 -0.5322244042641229
-0.5515089264341083 -0.7345822985734932 -0.4659686155590103
-0.5543043066398277 -0.7518038569572315 -0.4340941099632321
-0.5566367499631918 -0.7672506082335097 -0.402966540491546
-0.5197050503429717 -0.8051203322121213 -0.3776081451804939
-0.5013693649216777 -0.8234083548010984 -0.362667121699475
-0.4921967642070258 -0.8324510176741425 -0.3544963306966912
-0.4830143205601194 -0.8414425896730814 -0.345791171689077
-0.4830143205601194 -0.8414425896730814 -0.345791171689077
-0.6303662270252175 -0.7588557549970865 -0.2961019468591753
-0.7592972335956844 -0.6540932305427322 -0.2377598721654116
-0.8660396492634587 -0.530216442974308 -0.172469850998075
-0.9474741899215752 -0.3908453862020762 -0.1021398233648616
ARC 17 0 0 0
0.01194483266345058 1.017658082184042 -0.1585223919140114
-0.04521926565301417 0.9985800940972399 -0.2483807836499229
-0.04786265380196981 0.9897972287774612 -0.280910327819201
-0.04902970048894287 0.9799527009561553 -0.3133509092993043
-0.04868205755361216 0.9691053492254957 -0.3454922276620373
-0.04681815684003719 0.9573327642711216 -0.3771233732389372
-0.03872112267584885 0.9313952281040688 -0.4380680354964188
-0.02541871271772033 0.9029869476126041 -0.494841855025468
0.0125037597756451 0.8421196579662003 -0.5929402479663215
0.05822633775103461 0.7800924160601571 -0.6700488907516596
-0.09280755224989734 0.6494677332048739 -0.7940267135122754
-0.1369497301227095 0.5577458133089627 -0.8550230284358667
-0.1487138744181456 0.5096025272210608 -0.8826604374307551
-0.1541738495935402 0.4620101846317387 -0.9075665338684845
-0.1541738495935402 0.4620101846317387 -0.9075665338684845
-0.3023114011812728 0.4299840068186541 -0.8857886715215945
-0.4437682140216225 0.3884556706222482 -0.8444358851834038
ARC 20 0 0 0
-0.9474741899215752 -0.3908453862020762 -0.1021398233648616
-0.9625057655414042 -0.362329019268946 0.05657148659138733
-0.9537415101198313 -0.3248548669047113 0.2138841913809104
-0.9213981005316163 -0.2793493948304143 0.3659090815279268
-0.8662751562049407 -0.226937625423796 0.5088876771047955
-0.8644973459557996 -0.2126416146296886 0.5180037476341818
-0.8619867158333954 -0.1985360641759681 0.5276953031326629
-0.858725818221 -0.1847317227353477 0.537925793893456
-0.8547133068412596 -0.1713370072420652 0.5486426824972805
-0.8445111467372095 -0.1461656239994998 0.5712587271958656
-0.8316831348838434 -0.1236497404073242 0.5949066354033918
-0.8001195302511794 -0.08764399874954537 0.6426719744891802
-0.7641108522769477 -0.0629950513123618 0.6877981018749247
-0.757933863723563 0.08412449033832985 0.6923578037015168
-0.7315202652537479 0.1613616536649297 0.7069232760700453
-0.7120347684866331 0.1970330230537468 0.7176938597288463
-0.6891593058491695 0.229314654164962 0.7303247500575991
-0.6891593058491695 0.229314654164962 0.7303247500575991
-0.4768170126064044 0.3419786351210478 0.8465200231594342
-0.2324365336675009 0.4316644615095572 0.9058361057532983
ARC 16 0 0 0
-0.6363020942496574 -0.2662658451184077 -0.7649327712792022
-0.696667304034385 -0.4502625607630433 -0.6105884816016172
-0.7052956491442507 -0.4545273647202642 -0.5973800482261202
-0.7132893000148028 -0.4594256575262398 -0.5839918147465555
-0.7205912088562594 -0.4649296921063119 -0.5705161620120897
-0.7271586674514749 -0.4709958460679174 -0.5570486382147989
-0.738003986045659 -0.4845735133798305 -0.5305078950510033
-0.7458256919569255 -0.4995923627803779 -0.5050262451284016
-0.7535076716780317 -0.5315664259968491 -0.4588717941596409
-0.7533654379665181 -0.5630800758082645 -0.4198587204111349
-0.8146277961880454 -0.5357602143285943 -0.3320279301811628
-0.8347998993003961 -0.5357390590216532 -0.2774757444654258
-0.8409098501531063 -0.5396642010315862 -0.2500663392790394
-0.8443869161567323 -0.545769604056623 -0.2237102481139389
-0.8443869161567323 -0.545769604056623 -0.2237102481139389
-0.9474741899215752 -0.3908453862020762 -0.1021398233648616
