#
# gnuplot data -- mindenom=8 maxdenom=16384 mindist=1/100 type=airplane
-7.159191247	0
-5.0322201519	0.0141514461
-4.9977513331	0.018259904
-4.9712545143	0.0069648201
-4.9527867568	0.0241060931
-4.9301799667	0.0055883028
-4.9167158271	0.0092284155
-4.8958813752	0.008705941
-4.8925833929	0.0327007297
-4.8745120441	0.0116192915
-4.8601536165	0.0076737481
-4.8485435936	0.0030564123
-4.8417112351	0.0125715116
-4.8237862152	0.004755259
-4.8120816271	0.0120040909
-4.7972755918	0.0272883068
-4.8093729716	0.0458357112
-4.7871965978	0.0306560024
-4.7811712448	0.0171953952
-4.7696573993	0.0036552304
-4.7606063579	0.0109332234
-4.7496844813	0.0025155199
-4.7436198246	0.0042281585
-4.7325962765	0.0046688504
-4.734361967	0.0177000479
-4.719131338	0.0087854614
-4.707322378	0.0068999353
-4.6943258163	0.003603097
-4.6901391016	0.0172031419
-4.6661112159	0.0299024783
-4.6674951896	0.0421136949
-4.6643132496	0.0595654255
-4.6896959977	0.0668674376
-4.6520148218	0.065430895
-4.6514034777	0.0489859206
-4.6565787546	0.0336642841
-4.6428103702	0.0271598939
-4.634083784	0.0043497339
-4.624962628	0.0053295171
-4.6127500484	0.004242739
-4.6117467703	0.0163132588
-4.6012873592	0.0062877857
-4.5943490439	0.0036894412
-4.5854709897	0.0060327193
-4.575091782	0.0025967794
-4.5685470792	0.006771375
-4.5602019696	0.0190865173
-4.5725276651	0.0259102603
-4.5534983992	0.0242908563
-4.5474415196	0.014343068
-4.5363470279	0.0030647088
-4.5290061914	0.010548482
-4.5154189977	0.0028914381
-4.5081899406	0.0052849621
-4.4904802619	0.008725083599999999
-4.5021793949	0.0258691037
-4.4734625241	0.0342884805
-4.4620386205	0.050244479
-4.4555529286	0.0642479837
-4.4651814302	0.07106242040000001
-4.4577600388	0.093098732
-4.4643693064	0.1059236908
-4.4826332021	0.1360989261
-4.5084906419	0.1024923567
-4.4915978037	0.1841459979
-4.4379603635	0.1288148951
-4.4487834057	0.09910931639999999
-4.4365118721	0.0877553824
-4.4487092152	0.0678926386
-4.4463827855	0.0582617354
-4.4439940797	0.0372414032
-4.4236923179	0.0471744977
-4.4202418697	0.0176881341
-4.4081880361	0.0069445729
-4.3982020263	0.0019764607
-4.3936691049	0.008144642800000001
-4.3805533442	0.0028660554
-4.3732940186	0.0064471156
-4.3628657782	0.0170908172
-4.3731944834	0.025814065
-4.355416416	0.0200676571
-4.3539492043	0.0108153816
-4.3475640557	0.0017764662
-4.343082265	0.0056545945
-4.3364551272	0.0012351821
-4.3334682288	0.0019501425
-4.3294348788	0.0088502346
-4.3192970424	0.0058073205
-4.3121505646	0.004025682
-4.3036123972	0.0020031988
-4.3016465763	0.0102295113
-4.2845507917	0.0241546479
-4.2878399574	0.0336159852
-4.2928833961	0.0515980936
-4.3106851986	0.0396119062
-4.2776765981	0.0716205357
-4.2755601001	0.0462143528
-4.2778368408	0.029761287
-4.2656035138	0.0261276225
-4.2543508027	0.0039214693
-4.2458947055	0.0047967074
-4.2324867301	0.0042563605
-4.2341754249	0.017247913
-4.2182843762	0.008686691
-4.2093845411	0.0046486551
-4.2008413432	0.0016747756
-4.1976467576	0.008045930200000001
-4.1788357049	0.0046827556
-4.1664757604	0.0139046162
-4.1645489456	0.0511671897
-4.1885394703	0.041261218
-4.1653549261	0.07261541689999999
-4.1381790009	0.06598874590000001
-4.1021129952	0.0827113936
-4.1140605746	0.09726329039999999
-4.1010652365	0.1191569235
-4.1031715486	0.1281710638
-4.1059986756	0.1475032906
-4.1238827205	0.1384104924
-4.1236305278	0.1696825749
-4.1244265512	0.1948828355
-4.1321624706	0.221945872
-4.1533827524	0.2159342047
-4.1975680461	0.2446191108
-4.2257209731	0.2300397711
-4.2649654796	0.1823487942
-4.2143584795	0.1669988194
-4.3178843337	0.1360245453
-4.2976590071	0.2546499743
-4.2145951434	0.265490469
-4.1788836566	0.3058524243
-4.1280000915	0.2388061563
-4.1113912016	0.2220498573
-4.097860113	0.187811861
-4.0638178949	0.1988022663
-4.0816268266	0.1567544481
-4.090399752	0.1384046858
-4.0951187784	0.1236437335
-4.0855187031	0.1184166126
-4.0906178727	0.0913947135
-4.0800023812	0.0748118367
-4.0362120701	0.065371265
-4.0414865118	0.0959251624
-4.0122482722	0.0574820508
-4.0291604443	0.0360048046
-4.0206902899	0.0041970049
-4.0096107748	0.0120286835
-3.9962005918	0.002092482
-3.9912118734	0.0029335942
-3.9811399714	0.003203854
-3.9843634259	0.0130510534
-3.9684810129	0.0088864519
-3.9592649045	0.0048143381
-3.9489799636	0.0019512473
-3.946469401	0.010285422
-3.9254187569	0.023640564
-3.9258687996	0.0340680022
-3.9301400714	0.0616830247
-3.9499190835	0.0439879654
-3.9468282037	0.09818625709999999
-3.9053774692	0.0425991578
-3.9177996247	0.0278409731
-3.909208614	0.0213055498
-3.9036393834	0.0024927283
-3.8984252555	0.0026384728
-3.8913715216	0.008967870500000001
-3.8829594367	0.0043202734
-3.8793967664	0.0018073613
-3.8749580138	0.0026354297
-3.8685948049	0.0013344191
-3.8648885407	0.0032857178
-3.8600197292	0.0140974498
-3.8694053132	0.0129403129
-3.8532264561	0.0223735378
-3.8506278366	0.0113727945
-3.8424660766	0.0016732758
-3.8381847068	0.0065020432
-3.8274256241	0.0017399098
-3.8229290039	0.002861629
-3.8096002544	0.0054849148
-3.8200142664	0.0158316673
-3.7992146257	0.0331282422
-3.7877768292	0.0499747311
-3.7855604466	0.06787361980000001
-3.7974051322	0.06973012689999999
-3.8140739264	0.1035040148
-3.838093578	0.101884593
-3.8697089086	0.07082431929999999
-3.8413584525	0.0626631699
-3.8805578624	0.0416756042
-3.8916266041	0.1180070009
-3.823796149	0.1289572292
-3.7658358841	0.1213158723
-3.7803877645	0.0755956201
-3.7758892801	0.065378062
-3.7691513834	0.0418788841
-3.7502401387	0.0573085286
-3.7358120696	0.0223739388
-3.7248434356	0.0070089023
-3.7132538746	0.0016160635
-3.7094908732	0.0077816781
-3.6918392774	0.0032481019
-3.68281536	0.0070534218
-3.6681945461	0.0293815336
-3.6889968493	0.0306304024
-3.6449424601	0.0398318902
-3.652389542	0.01949022
-3.6423898871	0.0021438205
-3.6364525914	0.0078745095
-3.6246563828	0.0016145804
-3.6206005914	0.0023054026
-3.6104860279	0.0031740584
-3.6159735676	0.0122535009
-3.594674683	0.0145765895
-3.5785575786	0.0082463604
-3.5564154313	0.0039092188
-3.5540375924	0.0232292456
-3.5362728366	0.1032753483
-3.5684119035	0.1132636824
-3.6274934523	0.0971227318
-3.6010307312	0.0697846966
-3.6741286196	0.0804975842
-3.6022812818	0.2006202256
-3.5449771191	0.1331006533
-3.5127643262	0.160154557
-3.4088185172	0.1917811466
-3.4115286729	0.2192320201
-3.4183316549	0.26205009
-3.4489957062	0.2474078157
-3.4489253027	0.2964753649
-3.4389853767	0.3223223397
-3.439661915	0.3419343132
-3.451044202	0.3433708166
-3.4659257596	0.3771014703
-3.4881619597	0.3887101326
-3.5399120413	0.3554732538
-3.5074442471	0.3415756197
-3.6147122299	0.3185251357
-3.571487082	0.3880387704
-3.5965839995	0.4486621068
-3.6187121387	0.4333269994
-3.6579894282	0.4511057267
-3.6730083944	0.4479212498
-3.7056839814	0.4359364007
-3.6836337211	0.414552378
-3.7252910014	0.3901662623
-3.7650573059	0.3720025795
-3.7921184896	0.3400903047
-3.77085608	0.3222897463
-3.7614766942	0.2484576062
-3.722389551	0.2349340382
-3.6520517612	0.2607082748
-3.6861128223	0.2922013749
-3.5599854003	0.2991301173
-3.6710442855	0.1431303224
-3.7585135394	0.2067318229
-3.8483316436	0.2216675231
-3.8125274667	0.3295116697
-3.8073495299	0.3613019791
-3.7758498805	0.4120951724
-3.8296572747	0.4438689192
-3.7435283214	0.475738784
-3.6950952723	0.4647195132
-3.666125657	0.4594397936
-3.6572105244	0.474677453
-3.6086290887	0.465750514
-3.5767585793	0.4720778915
-3.5203519982	0.5596027674
-3.5907590606	0.5561663602
-3.5372791348	0.6647468661
-3.4461645148	0.4885846446
-3.4636883892	0.3952762413
-3.4382988104	0.3894316349
-3.4361630848	0.349785167
-3.4310724632	0.3400070886
-3.4202822171	0.3168108385
-3.4038200294	0.335476033
-3.3811784771	0.2917290513
-3.3907791095	0.2512524564
-3.3928220736	0.210540973
-3.3618826841	0.2073139154
-3.2369733936	0.1598054436
-3.1990753291	0.2023515075
-3.2010944059	0.3226535392
-3.2595225583	0.2817916101
-3.283245926	0.3821027317
-3.0979199322	0.2945922517
-3.1878604186	0.1520799896
-3.1913293001	0.0974981331
-3.208509867	0.0083616773
-3.1917305323	0.0067827456
-3.1677079037	0.0045368896
-3.1705180983	0.0227528039
-3.1448386952	0.0115722753
-3.1393760935	0.0031494697
-3.1315090879	0.0037859818
-3.1191396442	0.0021302864
-3.1125544771	0.0046916899
-3.1064204094	0.0327163845
-3.1214978503	0.0205382524
-3.1329628665	0.0476748879
-3.0824240257	0.0244197494
-3.0705426299	0.0019377672
-3.0645687559	0.0084965501
-3.0481331715	0.0018471902
-3.0431881925	0.0025112038
-3.0271273495	0.0049520131
-3.0392348546	0.0161084566
-3.0146646898	0.047870387
-2.9873413523	0.0641009962
-2.9768978583	0.0978507912
-2.9979745987	0.0987597256
-3.0459467618	0.1349536584
-3.0729216804	0.1241752031
-3.0852006342	0.0691913218
-3.0564663931	0.0806543911
-3.0641836786	0.0410104995
-3.1206499241	0.0811325646
-3.0675662717	0.1538149127
-3.0345888616	0.1797693301
-2.9734443738	0.1229481737
-2.9597097799	0.0882941179
-2.9703376506	0.048336037
-2.9441051684	0.0525688663
-2.9419220769	0.01623904
-2.9408391054	0.0036510557
-2.9329099931	0.0031510016
-2.9234685891	0.0013397082
-2.9194039727	0.0025007494
-2.9125295359	0.0168257807
-2.9224286487	0.0129362589
-2.9190681692	0.0304835818
-2.9038319403	0.008256361
-2.9005857699	0.0020488488
-2.8952546988	0.0024670556
-2.8857794288	0.0016108721
-2.8805299221	0.0036100946
-2.8712059755	0.0229450003
-2.8822285286	0.0291322674
-2.8977837954	0.0175835924
-2.8890918563	0.0152098356
-2.8971422047	0.008659029800000001
-2.9037899164	0.0308498894
-2.866621967	0.039791717
-2.8522630741	0.0281854047
-2.8424219887	0.0021289721
-2.8375099764	0.0019974359
-2.8276396227	0.0019500365
-2.8310451667	0.009686528999999999
-2.8134407835	0.008890976599999999
-2.8095401733	0.0022599114
-2.803287641	0.0030044979
-2.7894777987	0.0026238035
-2.7803459689	0.0069384689
-2.8031845665	0.0408651821
-2.7991908489	0.0211407019
-2.8220525969	0.0281662313
-2.7830866259	0.0849545796
-2.7255036832	0.1351812639
-2.753619858	0.1402974884
-2.7839418281	0.1848411445
-2.7966744593	0.1868704262
-2.827913408	0.1831882258
-2.8116645936	0.1634829398
-2.8550634453	0.137641118
-2.8878540749	0.1417404421
-2.9117363866	0.116750585
-2.8954837895	0.1090087981
-2.8799166353	0.0685364698
-2.8624935817	0.062330135
-2.8257039749	0.0803088116
-2.8488663027	0.0915993007
-2.8134266633	0.113756358
-2.8309146578	0.0468478004
-2.8806515131	0.0480016171
-2.8987369623	0.0548411772
-2.9198165131	0.0969996493
-2.9247600361	0.130927643
-2.8914084159	0.1658946979
-2.9244544247	0.1852059937
-2.8582209322	0.2315433158
-2.8186973675	0.2030685693
-2.7911584216	0.193869853
-2.7817860593	0.2065190008
-2.7241315336	0.1624638993
-2.6982600886	0.1375422965
-2.5710945264	0.1651330781
-2.6270914778	0.2040921013
-2.5086632004	0.2286572657
-2.5518609235	0.0600648339
-2.5664562722	0.0030055205
-2.5550821338	0.0124536538
-2.5345313138	0.0014834152
-2.5306059425	0.0015957141
-2.5194597409	0.0023261541
-2.5258309939	0.0107145926
-2.4940223579	0.0219026168
-2.4833759367	0.005680694
-2.4669295745	0.0013474663
-2.4644579748	0.0104458031
-2.4308802334	0.0776222384
-2.4587101807	0.09274207900000001
-2.5146986973	0.0677222678
-2.4868041558	0.0563732842
-2.5258790475	0.0348380615
-2.5117255276	0.1445739237
-2.4460884341	0.1064771853
-2.357348431	0.0569631431
-2.3645022145	0.0029330533
-2.3577495156	0.0022578669
-2.3447414165	0.0019281799
-2.3486082337	0.0114164541
-2.3259659612	0.0078571322
-2.3253616645	0.0015859129
-2.3209840872	0.001687798
-2.3118263399	0.001382464
-2.3067660367	0.0029168015
-2.31685983	0.025358895
-2.3161135564	0.0129207231
-2.3354546512	0.0242026938
-2.2651982868	0.0473408164
-2.2471354756	0.0020697526
-2.2388756535	0.0126129507
-2.2031240814	0.0028291845
-2.1947525111	0.0032589629
-2.1573050562	0.0093547414
-2.1896860723	0.0290638127
-2.2446040631	0.1486606611
-2.2698550012	0.2306221437
-2.3286131937	0.2085865237
-2.3203049376	0.1891167879
-2.3516876049	0.1037974074
-2.331361628	0.08456332950000001
-2.2731371991	0.0737599283
-2.2887122051	0.1058538296
-2.2253980644	0.0592501271
-2.3223665727	0.039014799
-2.3435277761	0.07722095480000001
-2.4293358915	0.1381037551
-2.3469889866	0.2017240646
-2.3336188181	0.2213554546
-2.2552114957	0.3000849148
-2.3709557756	0.4994575306
-2.2086873146	0.7307151846
-2.1050782239	0.7555508223
-2.1250267768	0.7998385961
-2.1411485561	0.7977487785
-2.1971799198	0.8330048477000001
-2.2274984004	0.8424946156000001
-2.2676271973	0.7631903538
-2.2298633158	0.7782822545
-2.2700738644	0.6137792803
-2.3978213021	0.8088345429
-2.343139109	0.8753460433
-2.3560862351	0.8723846803999999
-2.372689164	0.8894537033
-2.3765388379	0.8931725695
-2.3901596453	0.9000065384
-2.3880024382	0.8876467917999999
-2.4287789606	0.8495729400000001
-2.446952313	0.8986548743
-2.478729034	0.9079460978
-2.4877866212	0.8891176625
-2.4870559462	0.7919625361
-2.453290805	0.7862828388000001
-2.4210307862	0.8242433593
-2.4411328711	0.8276956889
-2.4043155598	0.8760924735
-2.318722609	0.7767829313
-2.4674825034	0.770048865
-2.5302624935	0.6347021949
-2.670353273	0.7713058546
-2.6914498299	0.7581222314
-2.7207890828	0.7259670085
-2.6915536004	0.7160135794
-2.7031409547	0.6365218961
-2.7532044852	0.6666931598
-2.7673139351	0.6555945301
-2.7636590897	0.6477908083
-2.7764879511	0.6141877163
-2.7728054837	0.5901812715
-2.7071323616	0.5964811759
-2.731170355	0.6116635667
-2.7117279497	0.6710531385
-2.6294730936	0.566962506
-2.7186875572	0.4415627791
-2.6856700287	0.439306374
-2.6426489111	0.3880150038
-2.6269116686	0.3837170014
-2.5840215036	0.3850248648
-2.6052368203	0.4127932547
-2.5855155966	0.479771456
-2.4845645969	0.474046748
-2.4678553958	0.5205493588
-2.4867666398	0.5270659316
-2.5348324099	0.580288689
-2.5616067921	0.5782052746
-2.5920103378	0.5340885563
-2.5634937083	0.5344160929
-2.5606277903	0.4760475547
-2.669419987	0.5483446117
-2.5534210204	0.5943832921
-2.5020310034	0.7229222143
-2.4609746395	0.5373258538
-2.4558091514	0.5136484627
-2.464089633	0.4308870287
-2.3918571015	0.2808922815
-2.5664853743	0.296357009
-2.6007022724	0.3614177692
-2.634684771	0.3768012513
-2.6473770683	0.3633603288
-2.7171842678	0.4120755258
-2.7493334009	0.4391984336
-2.8909373492	0.409523324
-2.8251268483	0.3598099048
-2.9351748228	0.3058400956
-2.9057761297	0.5396556964
-2.7890629818	0.6023916136
-2.8008324976	0.6235406865999999
-2.7738668119	0.6536405579
-2.7686844949	0.6612693065
-2.7571926101	0.6820530046
-2.7784196428	0.681901587
-2.7809351208	0.7259397367
-2.7247831939	0.7517766065
-2.6898623965	0.7725762071
-2.6964109644	0.7977652112
-2.7406826988	0.9388898183
-2.8118982755	0.9457955855
-2.8804067244	0.8439201579
-2.8235477952	0.8458762238
-2.8429900043	0.7756267698
-2.9603173506	0.9212749661
-2.7739412534	0.9834284032
-2.6885224501	1.0431731927
-2.4914884095	0.9200575879
-2.4688911446	0.914589591
-2.4319073251	0.9108466861
-2.4375599253	0.9367116786
-2.3988906848	0.942267437
-2.3804061984	0.9025154461
-2.3735197357	0.8931794323
-2.3687899421	0.8944131035
-2.3483794692	0.8839015475999999
-2.332948453	0.8801491553
-2.3290589669	0.927586039
-2.3400241574	0.9117550581
-2.3544193303	0.9250920413
-2.2988024	0.9431454705
-2.2089098863	0.8511575265
-2.1817470203	0.8604875356
-2.1273895049	0.8131961569
-2.1152398325	0.7987852646
-2.0544274389	0.7540084738
-2.0672556039	0.8236116487
-2.0381885718	0.9040501207
-1.9563245396	1.1841639536
-2.043789789	1.2626846021
-2.0798862794	1.2332261035
-2.1910235395	1.1484808478
-2.2003141568	1.1038620101
-2.138537221	1.0512516084
-2.1354794373	1.0883300517
-2.0933434392	1.0787080265
-2.1753620663	1.0235290441
-2.2159077972	1.1258626203
-2.2538342025	1.1713866521
-2.0717926616	1.2935169236
-2.0126350337	1.2664656974
-1.8473782658	1.1768262041
-1.8631854786	1.3581503914
-1.672012814	1.520345751
-0.7751046718	1.264393196
-0.7698971425	1.1862283514
-0.7582055106	1.1757652933
-0.6980276597	1.1308325178
-0.6843460206999999	1.1027746392
-0.6346610064	1.1844930126
-0.664411087	1.1555526817
-0.6806163086	1.171644389
-0.6123120126	1.1410858794
-0.6294478961	1.0587119161
-0.6309212875	1.0541382247
-0.6386352357	1.0485556449
-0.6371074071	1.0470382249
-0.6353320633	1.0282734453
-0.6398052549	1.0165828231
-0.6366145171000001	1.0096656159
-0.6128699866	1.0383747571
-0.6182199228	1.0463778346
-0.6279246233	1.0350556146
-0.6222155846	1.035557075
-0.6274630873	1.0396398975
-0.6147406481	1.0448838454
-0.6047781741	1.043162393
-0.5130934343	1.000311177
-0.5241667014	0.9889852919
-0.5162108929	0.9641299307
-0.5087322811	0.9786231099
-0.4963332466	0.9790946579000001
-0.4916736462	0.9377559476
-0.4990429295	0.9346502539
-0.47883163	0.8985341368
-0.4584518695	0.8870659922
-0.482580636	0.9354133845
-0.477826195	0.9215657772
-0.4882022737	0.922631758
-0.4686738019	0.9404513352
-0.4107383464	1.020056052
-0.4158374006	1.0437651449
-0.4256441503	1.0956272087
-0.4156206921	1.1033075967
-0.4815636212	1.1442081627
-0.4438923014	1.1105709804
-0.4486497642	1.0923387435
-0.4869991455	1.0400862294
-0.498457642	1.0241902798
-0.4942679619	1.0160668486
-0.4592822956	1.0219203274
-0.4461257729	1.0304444392
-0.4721836835	1.0390403565
-0.4653455337	1.0325794837
-0.469872163	1.0286473365
-0.4633609511	1.0442321327
-0.4492567987	1.024304232
-0.4562607198	1.0114255438
-0.5110476461	1.0196676405
-0.4960499335	1.0263310898
-0.4825659511	1.0539553536
-0.5042360598	1.0469459486
-0.520976213	1.0569226106
-0.4156390385	1.1493443874
-0.4186805796	1.1005411259
-0.4171366575	1.0918830022
-0.3974889471	1.038099398
-0.4152821716	1.0058904817
-0.3276450619	1.0682743503
-0.3609043612	1.0393861462
-0.3724040276	1.0577476545
-0.3088742228	1.0081061649
-0.342620141	0.8712791783
-0.3517785267	0.8632363749
-0.36480301	0.8597880519
-0.3642486843	0.8615496183
-0.3681796081	0.861550179
-0.3704671922	0.8588606786
-0.3810252929	0.8594243689
-0.3856294038	0.8592477885000001
-0.3799545192	0.8558815356
-0.3815284169	0.8517097565
-0.3911607192	0.8534096391
-0.3914535911	0.8542325379
-0.3914983076	0.8553526248
-0.3939187591	0.8537265132
-0.3924173314	0.850995126
-0.3910748345	0.8495263473
-0.3889726468	0.8333084243
-0.391916595	0.8248157074
-0.3960670399	0.8159820955
-0.3920686678	0.8109678244
-0.4325396862	0.7666694595
-0.433969698	0.7609742512
-0.436966791	0.7531208232
-0.4351646187	0.7529665086
-0.4225519467	0.7346356405
-0.4203947166	0.6835358223
-0.4104657625	0.6861751965
-0.4067659215	0.763554375
-0.4281396914	0.7651395224
-0.4205778539	0.7394989061
-0.4138950134	0.7507678943
-0.406341986	0.7447277544999999
-0.4241181542	0.7504991001
-0.4125115014	0.7773721736
-0.3979489528	0.7722856826
-0.3601187427	0.8156594008
-0.3604666236	0.8267948309000001
-0.3579300742	0.8359777639
-0.3621559794	0.8369798308
-0.3684619792	0.8499203521000001
-0.3691462738	0.8531040694000001
-0.3723292729	0.8486049717
-0.3705689141	0.8453600645
-0.3763200483	0.8318670392
-0.3803725672	0.8304725603999999
-0.3884223577	0.8242532113
-0.3905869013	0.822967604
-0.3869970627	0.8208801438
-0.3842176704	0.8225517581
-0.3688269983	0.8227759551
-0.3630057323	0.8300915222
-0.3731545179	0.8304459555
-0.3771956226	0.8298903741
-0.3727198667	0.8274137793
-0.372469066	0.8327649562
-0.36088896	0.8317336354
-0.35737932	0.8231139344
-0.374255916	0.8217785755
-0.3679850153	0.8166909239
-0.3695060486	0.8096827248
-0.3903236402	0.8191920595
-0.3881552849	0.8277742769000001
-0.3836286971	0.8349087475
-0.3855349063	0.8391039641
-0.3771410558	0.8507322368
-0.3746431485	0.8522496248
-0.3658090779	0.8511032937
-0.3624064806	0.8525897826
-0.3509855532	0.8354058818
-0.358082798	0.8204208747
-0.3541262316	0.8160369018
-0.3331430213	0.8515587435999999
-0.3447122906	0.8581208505
-0.3472634549	0.8387256189
-0.3412860646	0.8444982642
-0.3491215471	0.8465661069
-0.340897838	0.8603366998999999
-0.3217423239	0.859095242
-0.1834868534	0.835566239
-0.1827599226	0.8170279572
-0.1519009549	0.7797087937
-0.1423045922	0.7934980599
-0.1321291605	0.785916638
-0.1479140933	0.7629205102
-0.1496529559	0.7653998797
-0.1500600523	0.7583504021
-0.1424144194	0.7596696786
-0.0941367568	0.7328239275
0.0716277773	0.7490974398
0.1315952528	0.7143404899
0.1205420513	0.7135803227
0.1568682758	0.7002429665
0.137435057	0.7101859295
0.1308233309	0.7266695399
0.0986044594	0.7987215889
0.0979758833	0.8170003783999999
0.0946840402	0.8215762005
0.0814196952	0.7838283903
0.092028262	0.7629293696
0.0915537865	0.7995413348
0.0887330737	0.7895388674
0.075289403	0.7964660114
0.1137091915	0.7909254621
0.087690056	0.7679671236
0.0453775513	0.8273994777
0.103515766	0.8224799291
0.0959026694	0.8157166751
0.1323351101	0.7842938408
0.1444123221	0.8274765902
0.1733811467	0.8385949163999999
0.2837126781	0.7300439144999999
0.2629295454	0.7383811581
0.2565065709	0.7347782318
0.2853354242	0.7137806492
0.2729649429	0.6825751373
0.2681516287	0.6428323983000001
0.2698304612	0.6467479368
0.2757358648	0.641126568
0.254917148	0.6456961162
0.2366122713	0.6679359223
0.2286746937	0.6804659806
0.2366339602	0.6791775922
0.2400484658	0.6802151949
0.2370844923	0.6821600901
0.2226745288	0.6840188866
0.2146291864	0.6863869955
0.2089617885	0.6857178468
0.2258557182	0.6824189564000001
0.229251985	0.6830526713
0.2248635474	0.6827580793
0.2264068305	0.6908470174
0.2281028656	0.6829765447
0.2312317145	0.669560903
0.2320039464	0.5964375072
0.2266836009	0.5757459011
0.2679737721	0.6082424483
0.2767963731	0.6154870458
0.2856526689	0.616403983
0.2883306763	0.5566984656
0.2874431472	0.5740360452
0.2827871921	0.5799891813
0.2888016752	0.5463217705
0.2849371768	0.514505162
0.2830520429	0.5569386383
0.2878504141	0.5495338769
0.2712710217	0.5440546848
0.3080085197	0.5817136966999999
0.27878804	0.6572994426
0.2712725055	0.6285767981
0.2581482303	0.6393133176
0.2630617851	0.6379293554
0.2567166198	0.6404320385
0.2589631528	0.633954295
0.2750068772	0.6238446130999999
0.2839704464	0.6195088338
0.2729232981	0.6254082851
0.2689827319	0.6262936636999999
0.2736285221	0.6250512466
0.2715137445	0.6167102107
0.2704409408	0.6256477861
0.2813876385	0.6425427065
0.2783506199	0.6165612244999999
0.2806302545	0.6219459429999999
0.2565698567	0.6100543542
0.2377029135	0.6003763153
0.2223013227	0.6290481657
0.2663449771	0.6446301887
0.2616373427	0.6386297124
0.2611111163	0.635395237
0.2716829846	0.6479759981
0.2972504206	0.6542050221
0.2781051246	0.7251542787
0.2856206377	0.7188214519
0.2723898989	0.7114951542
0.2790173379	0.7646346908
0.2941806262	0.9798861698
0.1887403018	1.0031336164
0.2443717398	1.091511455
0.2578515628	1.0690157991
0.2627483139	1.1256613736
0.2536688262	1.0963136221
0.2398483503	1.0771131719
0.1511342067	1.0687816077
0.1111229332	1.1154050426
0.0902402353	1.1162718747
0.1192308303	0.9948256351
0.0888086273	0.9894573382
0.1156028058	0.9727646161
0.1114726147	0.9848174564
0.1485637602	1.0037360913
0.0996992973	0.964987343
0.0921097411	0.9940833018
0.0655031562	0.9950076356000001
-0.0437017599	1.046485347
-0.0222948685	1.076065229
-0.0368567144	1.0976633567
-0.0657708226	1.0601421212
-0.0664793265	1.0868585091
-0.0458942916	1.1252490744
-0.0388865755	1.1158683868
-0.0372839395	1.1155436919
-0.0364566442	1.1252340758
-0.0265693692	1.1405926257
-0.0404512766	1.1233839825
-0.0386376204	1.1269899466
-0.0434089284	1.1182555317
-0.1032376639	1.134747183
-0.09426250930000001	1.1010013711
-0.1636421582	1.0589311815
-0.1804978712	1.0915907151
-0.2245396982	1.0153026741
-0.1857320013	1.0582306028
-0.1694792893	1.0788118136
-0.09746113689999999	1.0760591333
-0.0724709291	1.0828634498
-0.072963668	1.0883155721
-0.0922542715	1.0870655465
-0.1064645566	1.0900350574
-0.09480024049999999	1.0845032893
-0.09480024049999999	1.0845032894
-0.09496438810000001	1.0917723871
-0.084897186	1.0715765522
-0.1026009808	1.0919223043
-0.1197111738	1.1148253182
-0.0558046488	1.0908099388
-0.07497101539999999	1.0824014062
-0.0948801497	1.0541140347
-0.0436723596	1.0853802033
-0.028149742	1.0596750017
0.0014508955	0.9406405071
-0.0262275133	0.9110318509000001
-0.02966346	0.9052627643
0.0143488117	0.8856989253000001
0.0613213855	0.8556456372
0.0579079729	0.9088091249
0.0277308917	0.9184789665
0.0471287568	0.9250084061
0.06550281199999999	0.9054551392
0.1051017582	0.8739031005
0.1153612092	0.8726994954
0.1090453213	0.8545188618
0.10794679	0.8578523315
0.1055491105	0.8547599344
0.1074927787	0.8551405050999999
0.128153348	0.8466142263999999
0.1535169438	0.8489001293
0.1643313854	0.8539585267000001
0.1293998764	0.8643232424
0.121675197	0.8582386957
0.1299106997	0.8583936076000001
0.1334668653	0.8526266143
0.1233223142	0.8592923067
0.1198785203	0.8646749969999999
0.1034927984	0.9315618666
0.1142981182	0.9457782073
0.08677538329999999	0.9647762642
0.08976693920000001	0.9458803783
0.07547800559999999	0.9487273255000001
0.06338495199999999	0.9722289785
0.0703718306	0.9765274787
0.0601866476	0.9846720606
0.0443116031	0.989339331
0.0620178518	0.9773626355
0.0586301558	0.9793363765
0.0605713096	0.9726579579
0.0468831135	0.9392129304
0.0602160183	0.932911292
0.0704841737	0.916968267
0.0663200499	0.9157956584
0.0720712605	0.9138732667
0.07077924369999999	0.9179529708
0.0732453188	0.9358847806
0.0712854263	0.9453212482
0.06937930840000001	0.9359109911
infinity	infinity
inf	0
inf	0
inf	0
infinity	infinity
0.06937930840000001	-0.9359109912
0.0712854263	-0.9453212482
0.0732453188	-0.9358847806
0.07077924369999999	-0.9179529708
0.0720712605	-0.9138732668
0.0663200499	-0.9157956584
0.0704841737	-0.916968267
0.0602160183	-0.932911292
0.0468831135	-0.9392129304
0.0605713096	-0.9726579579
0.0586301558	-0.9793363765999999
0.0620178518	-0.9773626355
0.0443116031	-0.9893393309
0.0601866476	-0.9846720606
0.0703718306	-0.9765274787
0.06338495199999999	-0.9722289786
0.07547800559999999	-0.9487273255000001
0.08976693920000001	-0.9458803782
0.08677538329999999	-0.9647762642
0.1142981182	-0.9457782073
0.1034927984	-0.9315618667
0.1198785203	-0.8646749969999999
0.1233223142	-0.8592923068
0.1334668653	-0.8526266142
0.1299106997	-0.8583936076000001
0.121675197	-0.8582386957
0.1293998764	-0.8643232424
0.1643313854	-0.8539585267000001
0.1535169438	-0.8489001293
0.128153348	-0.8466142263999999
0.1074927787	-0.8551405052
0.1055491105	-0.8547599344
0.10794679	-0.8578523315
0.1090453213	-0.8545188618
0.1153612092	-0.8726994954
0.1051017582	-0.8739031005
0.06550281199999999	-0.9054551393
0.0471287568	-0.9250084061
0.0277308917	-0.9184789665
0.0579079729	-0.9088091248
0.0613213855	-0.8556456372
0.0143488117	-0.8856989253000001
-0.02966346	-0.9052627642
-0.0262275133	-0.9110318509000001
0.0014508955	-0.9406405072
-0.028149742	-1.0596750018
-0.0436723596	-1.0853802032
-0.0948801497	-1.0541140347
-0.07497101539999999	-1.0824014061
-0.0558046488	-1.0908099388
-0.1197111738	-1.1148253182
-0.1026009808	-1.0919223043
-0.084897186	-1.0715765523
-0.09496438810000001	-1.0917723871
-0.09480024049999999	-1.0845032893
-0.09480024049999999	-1.0845032893
-0.1064645566	-1.0900350574
-0.0922542715	-1.0870655465
-0.072963668	-1.0883155721
-0.0724709291	-1.0828634498
-0.09746113689999999	-1.0760591332
-0.1694792893	-1.0788118136
-0.1857320013	-1.0582306027
-0.2245396982	-1.0153026741
-0.1804978712	-1.0915907151
-0.1636421582	-1.0589311815
-0.09426250930000001	-1.1010013712
-0.1032376639	-1.1347471831
-0.0434089284	-1.1182555317
-0.0386376204	-1.1269899465
-0.0404512766	-1.1233839825
-0.0265693692	-1.1405926257
-0.0364566442	-1.1252340758
-0.0372839395	-1.1155436918
-0.0388865755	-1.1158683867
-0.0458942916	-1.1252490745
-0.0664793265	-1.086858509
-0.0657708226	-1.0601421212
-0.0368567144	-1.0976633568
-0.0222948685	-1.0760652289
-0.0437017599	-1.046485347
0.0655031562	-0.9950076355
0.0921097411	-0.9940833018
0.0996992973	-0.964987343
0.1485637602	-1.0037360913
0.1114726147	-0.9848174565
0.1156028058	-0.9727646162
0.0888086273	-0.9894573382
0.1192308303	-0.994825635
0.0902402353	-1.1162718747
0.1111229332	-1.1154050426
0.1511342067	-1.0687816076
0.2398483503	-1.0771131719
0.2536688262	-1.0963136222
0.2627483139	-1.1256613737
0.2578515628	-1.069015799
0.2443717398	-1.0915114549
0.1887403018	-1.0031336165
0.2941806262	-0.9798861698
0.2790173379	-0.7646346908
0.2723898989	-0.7114951543
0.2856206377	-0.7188214518
0.2781051246	-0.7251542788000001
0.2972504206	-0.6542050221
0.2716829846	-0.6479759980000001
0.2611111163	-0.635395237
0.2616373427	-0.6386297123
0.2663449771	-0.6446301888
0.2223013227	-0.6290481656
0.2377029135	-0.6003763154
0.2565698567	-0.6100543541
0.2806302545	-0.6219459431
0.2783506199	-0.6165612244999999
0.2813876385	-0.6425427065
0.2704409408	-0.6256477861
0.2715137445	-0.6167102108
0.2736285221	-0.6250512467
0.2689827319	-0.6262936636999999
0.2729232981	-0.6254082851
0.2839704464	-0.6195088338
0.2750068772	-0.6238446130999999
0.2589631528	-0.633954295
0.2567166198	-0.6404320386
0.2630617851	-0.6379293554
0.2581482303	-0.6393133175
0.2712725055	-0.6285767981
0.27878804	-0.6572994426
0.3080085197	-0.5817136968
0.2712710217	-0.5440546848
0.2878504141	-0.5495338769
0.2830520429	-0.5569386383
0.2849371768	-0.514505162
0.2888016752	-0.5463217705
0.2827871921	-0.5799891813
0.2874431472	-0.5740360453
0.2883306763	-0.5566984656
0.2856526689	-0.616403983
0.2767963731	-0.6154870458
0.2679737721	-0.6082424484
0.2266836009	-0.5757459011
0.2320039464	-0.5964375072
0.2312317145	-0.6695609029
0.2281028656	-0.6829765447
0.2264068305	-0.6908470175
0.2248635474	-0.6827580794
0.229251985	-0.6830526713
0.2258557182	-0.6824189563
0.2089617885	-0.6857178469
0.2146291864	-0.6863869955
0.2226745288	-0.6840188866
0.2370844923	-0.68216009
0.2400484658	-0.6802151950000001
0.2366339602	-0.6791775922
0.2286746937	-0.6804659807
0.2366122713	-0.6679359222
0.254917148	-0.6456961163
0.2757358648	-0.641126568
0.2698304612	-0.6467479369
0.2681516287	-0.6428323982
0.2729649429	-0.6825751373
0.2853354242	-0.7137806492
0.2565065709	-0.7347782317
0.2629295454	-0.7383811581
0.2837126781	-0.7300439144
0.1733811467	-0.8385949163999999
0.1444123221	-0.8274765903
0.1323351101	-0.7842938408
0.0959026694	-0.8157166751
0.103515766	-0.8224799291
0.0453775513	-0.8273994777
0.087690056	-0.7679671236
0.1137091915	-0.7909254621
0.075289403	-0.7964660114
0.0887330737	-0.7895388673
0.0915537865	-0.7995413348
0.092028262	-0.7629293697
0.0814196952	-0.7838283903
0.0946840402	-0.8215762006
0.0979758833	-0.8170003783999999
0.0986044594	-0.7987215889
0.1308233309	-0.7266695399
0.137435057	-0.7101859295
0.1568682758	-0.7002429665
0.1205420513	-0.7135803228000001
0.1315952528	-0.7143404899
0.0716277773	-0.7490974399
-0.0941367568	-0.7328239275
-0.1424144194	-0.7596696787
-0.1500600523	-0.758350402
-0.1496529559	-0.7653998798
-0.1479140933	-0.7629205100999999
-0.1321291605	-0.785916638
-0.1423045922	-0.7934980599
-0.1519009549	-0.7797087937
-0.1827599226	-0.8170279572
-0.1834868534	-0.835566239
-0.3217423239	-0.8590952421
-0.340897838	-0.8603366998999999
-0.3491215471	-0.8465661069
-0.3412860646	-0.8444982642
-0.3472634549	-0.8387256189
-0.3447122906	-0.8581208505
-0.3331430213	-0.8515587435999999
-0.3541262316	-0.8160369018
-0.358082798	-0.8204208747
-0.3509855532	-0.8354058818
-0.3624064806	-0.8525897826
-0.3658090779	-0.8511032937
-0.3746431485	-0.8522496248
-0.3771410558	-0.8507322368
-0.3855349063	-0.8391039641
-0.3836286971	-0.8349087475
-0.3881552849	-0.8277742769000001
-0.3903236402	-0.8191920595
-0.3695060486	-0.8096827248
-0.3679850153	-0.8166909238
-0.374255916	-0.8217785755
-0.35737932	-0.8231139344
-0.36088896	-0.8317336354
-0.372469066	-0.8327649562
-0.3727198667	-0.8274137794
-0.3771956226	-0.8298903741
-0.3731545179	-0.8304459555
-0.3630057323	-0.8300915222
-0.3688269983	-0.8227759551
-0.3842176704	-0.8225517581
-0.3869970627	-0.8208801438
-0.3905869013	-0.822967604
-0.3884223577	-0.8242532113
-0.3803725672	-0.8304725603999999
-0.3763200483	-0.8318670392
-0.3705689141	-0.8453600645
-0.3723292729	-0.8486049717
-0.3691462738	-0.8531040694000001
-0.3684619792	-0.8499203521000001
-0.3621559794	-0.8369798308
-0.3579300742	-0.8359777639
-0.3604666236	-0.8267948309000001
-0.3601187427	-0.8156594008
-0.3979489528	-0.7722856826
-0.4125115014	-0.7773721736
-0.4241181542	-0.7504991001
-0.406341986	-0.7447277544999999
-0.4138950134	-0.7507678943
-0.4205778539	-0.7394989061
-0.4281396914	-0.7651395224
-0.4067659215	-0.763554375
-0.4104657625	-0.6861751965
-0.4203947166	-0.6835358223
-0.4225519467	-0.7346356405
-0.4351646187	-0.7529665086
-0.436966791	-0.7531208232
-0.433969698	-0.7609742512
-0.4325396862	-0.7666694595
-0.3920686678	-0.8109678244
-0.3960670399	-0.8159820956
-0.391916595	-0.8248157074
-0.3889726468	-0.8333084243
-0.3910748345	-0.8495263473
-0.3924173314	-0.850995126
-0.3939187591	-0.8537265133
-0.3914983076	-0.8553526249
-0.3914535911	-0.8542325379
-0.3911607192	-0.8534096391
-0.3815284169	-0.8517097565
-0.3799545192	-0.8558815356
-0.3856294038	-0.8592477885000001
-0.3810252929	-0.8594243689
-0.3704671922	-0.8588606786
-0.3681796081	-0.861550179
-0.3642486843	-0.8615496183
-0.36480301	-0.8597880519
-0.3517785267	-0.8632363749
-0.342620141	-0.8712791783
-0.3088742228	-1.0081061649
-0.3724040276	-1.0577476545
-0.3609043612	-1.0393861462
-0.3276450619	-1.0682743503
-0.4152821716	-1.0058904817
-0.3974889471	-1.038099398
-0.4171366575	-1.0918830022
-0.4186805796	-1.1005411259
-0.4156390385	-1.1493443874
-0.520976213	-1.0569226106
-0.5042360598	-1.0469459486
-0.4825659511	-1.0539553536
-0.4960499335	-1.0263310898
-0.5110476461	-1.0196676405
-0.4562607198	-1.0114255438
-0.4492567987	-1.024304232
-0.4633609511	-1.0442321327
-0.469872163	-1.0286473365
-0.4653455337	-1.0325794837
-0.4721836835	-1.0390403565
-0.4461257729	-1.0304444392
-0.4592822956	-1.0219203274
-0.4942679619	-1.0160668486
-0.498457642	-1.0241902798
-0.4869991455	-1.0400862294
-0.4486497642	-1.0923387435
-0.4438923014	-1.1105709804
-0.4815636212	-1.1442081627
-0.4156206921	-1.1033075967
-0.4256441503	-1.0956272087
-0.4158374006	-1.0437651449
-0.4107383464	-1.020056052
-0.4686738019	-0.9404513352
-0.4882022737	-0.922631758
-0.477826195	-0.9215657771
-0.482580636	-0.9354133845
-0.4584518695	-0.8870659922
-0.47883163	-0.8985341368
-0.4990429295	-0.9346502539
-0.4916736462	-0.9377559476
-0.4963332466	-0.9790946579000001
-0.5087322811	-0.9786231099
-0.5162108929	-0.9641299307
-0.5241667014	-0.9889852919
-0.5130934343	-1.000311177
-0.6047781741	-1.043162393
-0.6147406481	-1.0448838454
-0.6274630873	-1.0396398975
-0.6222155846	-1.035557075
-0.6279246233	-1.0350556146
-0.6182199228	-1.0463778346
-0.6128699866	-1.0383747571
-0.6366145171000001	-1.0096656159
-0.6398052549	-1.0165828231
-0.6353320633	-1.0282734453
-0.6371074071	-1.0470382249
-0.6386352357	-1.0485556449
-0.6309212875	-1.0541382247
-0.6294478961	-1.0587119161
-0.6123120126	-1.1410858794
-0.6806163086	-1.171644389
-0.664411087	-1.1555526817
-0.6346610064	-1.1844930126
-0.6843460206999999	-1.1027746392
-0.6980276597	-1.1308325178
-0.7582055106	-1.1757652933
-0.7698971425	-1.1862283514
-0.7751046718	-1.264393196
-1.672012814	-1.520345751
-1.8631854786	-1.3581503914
-1.8473782658	-1.1768262041
-2.0126350337	-1.2664656974
-2.0717926616	-1.2935169236
-2.2538342025	-1.1713866521
-2.2159077972	-1.1258626203
-2.1753620663	-1.0235290441
-2.0933434392	-1.0787080265
-2.1354794373	-1.0883300517
-2.138537221	-1.0512516084
-2.2003141568	-1.1038620101
-2.1910235395	-1.1484808478
-2.0798862794	-1.2332261035
-2.043789789	-1.2626846021
-1.9563245396	-1.1841639536
-2.0381885718	-0.9040501207
-2.0672556039	-0.8236116487
-2.0544274389	-0.7540084738
-2.1152398325	-0.7987852646
-2.1273895049	-0.8131961569
-2.1817470203	-0.8604875356
-2.2089098863	-0.8511575265
-2.2988024	-0.9431454705
-2.3544193303	-0.9250920413
-2.3400241574	-0.9117550581
-2.3290589669	-0.927586039
-2.332948453	-0.8801491553
-2.3483794692	-0.8839015475999999
-2.3687899421	-0.8944131035
-2.3735197357	-0.8931794323
-2.3804061984	-0.9025154461
-2.3988906848	-0.942267437
-2.4375599253	-0.9367116786
-2.4319073251	-0.9108466861
-2.4688911446	-0.914589591
-2.4914884095	-0.9200575879
-2.6885224501	-1.0431731927
-2.7739412534	-0.9834284032
-2.9603173506	-0.9212749661
-2.8429900043	-0.7756267698
-2.8235477952	-0.8458762238
-2.8804067244	-0.8439201579
-2.8118982755	-0.9457955855
-2.7406826988	-0.9388898183
-2.6964109644	-0.7977652112
-2.6898623965	-0.7725762071
-2.7247831939	-0.7517766065
-2.7809351208	-0.7259397367
-2.7784196428	-0.681901587
-2.7571926101	-0.6820530046
-2.7686844949	-0.6612693065
-2.7738668119	-0.6536405579
-2.8008324976	-0.6235406865999999
-2.7890629818	-0.6023916136
-2.9057761297	-0.5396556964
-2.9351748228	-0.3058400956
-2.8251268483	-0.3598099048
-2.8909373492	-0.409523324
-2.7493334009	-0.4391984336
-2.7171842678	-0.4120755258
-2.6473770683	-0.3633603288
-2.634684771	-0.3768012513
-2.6007022724	-0.3614177692
-2.5664853743	-0.296357009
-2.3918571015	-0.2808922815
-2.464089633	-0.4308870287
-2.4558091514	-0.5136484627
-2.4609746395	-0.5373258538
-2.5020310034	-0.7229222143
-2.5534210204	-0.5943832921
-2.669419987	-0.5483446117
-2.5606277903	-0.4760475547
-2.5634937083	-0.534416093
-2.5920103378	-0.5340885563
-2.5616067921	-0.5782052746
-2.5348324099	-0.580288689
-2.4867666398	-0.5270659316
-2.4678553958	-0.5205493588
-2.4845645969	-0.474046748
-2.5855155966	-0.479771456
-2.6052368203	-0.4127932547
-2.5840215036	-0.3850248648
-2.6269116686	-0.3837170014
-2.6426489111	-0.3880150038
-2.6856700287	-0.439306374
-2.7186875572	-0.4415627791
-2.6294730936	-0.566962506
-2.7117279497	-0.6710531385
-2.731170355	-0.6116635667
-2.7071323616	-0.5964811759
-2.7728054837	-0.5901812715
-2.7764879511	-0.6141877163
-2.7636590897	-0.6477908083
-2.7673139351	-0.6555945301
-2.7532044852	-0.6666931598
-2.7031409547	-0.6365218961
-2.6915536004	-0.7160135794
-2.7207890828	-0.7259670085
-2.6914498299	-0.7581222314
-2.670353273	-0.7713058546
-2.5302624935	-0.6347021949
-2.4674825034	-0.770048865
-2.318722609	-0.7767829313
-2.4043155598	-0.8760924735
-2.4411328711	-0.8276956889
-2.4210307862	-0.8242433593
-2.453290805	-0.7862828388000001
-2.4870559462	-0.7919625361
-2.4877866212	-0.8891176625
-2.478729034	-0.9079460978
-2.446952313	-0.8986548743
-2.4287789606	-0.8495729400000001
-2.3880024382	-0.8876467917999999
-2.3901596453	-0.9000065384
-2.3765388379	-0.8931725695
-2.372689164	-0.8894537033
-2.3560862351	-0.8723846803999999
-2.343139109	-0.8753460433
-2.3978213021	-0.8088345429
-2.2700738644	-0.6137792803
-2.2298633158	-0.7782822545
-2.2676271973	-0.7631903538
-2.2274984004	-0.8424946156000001
-2.1971799198	-0.8330048477000001
-2.1411485561	-0.7977487785
-2.1250267768	-0.7998385961
-2.1050782239	-0.7555508223
-2.2086873146	-0.7307151846
-2.3709557756	-0.4994575306
-2.2552114957	-0.3000849148
-2.3336188181	-0.2213554546
-2.3469889866	-0.2017240646
-2.4293358915	-0.1381037551
-2.3435277761	-0.07722095480000001
-2.3223665727	-0.039014799
-2.2253980644	-0.0592501271
-2.2887122051	-0.1058538295
-2.2731371991	-0.0737599283
-2.331361628	-0.08456332950000001
-2.3516876049	-0.1037974074
-2.3203049376	-0.1891167879
-2.3286131937	-0.2085865237
-2.2698550012	-0.2306221437
-2.2446040631	-0.1486606611
-2.1896860723	-0.0290638127
-2.1573050562	-0.0093547414
-2.1947525111	-0.0032589629
-2.2031240814	-0.0028291845
-2.2388756535	-0.0126129507
-2.2471354756	-0.0020697526
-2.2651982868	-0.0473408164
-2.3354546512	-0.0242026938
-2.3161135564	-0.0129207231
-2.31685983	-0.025358895
-2.3067660367	-0.0029168015
-2.3118263399	-0.001382464
-2.3209840872	-0.001687798
-2.3253616645	-0.0015859129
-2.3259659612	-0.0078571322
-2.3486082337	-0.0114164541
-2.3447414165	-0.0019281799
-2.3577495156	-0.0022578669
-2.3645022145	-0.0029330533
-2.357348431	-0.0569631431
-2.4460884341	-0.1064771853
-2.5117255276	-0.1445739237
-2.5258790475	-0.0348380615
-2.4868041558	-0.0563732841
-2.5146986973	-0.0677222678
-2.4587101807	-0.09274207900000001
-2.4308802334	-0.0776222384
-2.4644579748	-0.0104458031
-2.4669295745	-0.0013474663
-2.4833759367	-0.005680694
-2.4940223579	-0.0219026168
-2.5258309939	-0.0107145926
-2.5194597409	-0.0023261541
-2.5306059425	-0.0015957141
-2.5345313138	-0.0014834152
-2.5550821338	-0.0124536538
-2.5664562722	-0.0030055205
-2.5518609235	-0.0600648339
-2.5086632004	-0.2286572657
-2.6270914778	-0.2040921013
-2.5710945264	-0.1651330781
-2.6982600886	-0.1375422965
-2.7241315336	-0.1624638993
-2.7817860593	-0.2065190008
-2.7911584216	-0.193869853
-2.8186973675	-0.2030685693
-2.8582209322	-0.2315433158
-2.9244544247	-0.1852059937
-2.8914084159	-0.1658946979
-2.9247600361	-0.130927643
-2.9198165131	-0.0969996493
-2.8987369623	-0.0548411772
-2.8806515131	-0.0480016171
-2.8309146578	-0.0468478004
-2.8134266633	-0.113756358
-2.8488663027	-0.0915993007
-2.8257039749	-0.0803088116
-2.8624935817	-0.062330135
-2.8799166353	-0.0685364698
-2.8954837895	-0.1090087981
-2.9117363866	-0.116750585
-2.8878540749	-0.1417404421
-2.8550634453	-0.137641118
-2.8116645936	-0.1634829398
-2.827913408	-0.1831882258
-2.7966744593	-0.1868704262
-2.7839418281	-0.1848411445
-2.753619858	-0.1402974884
-2.7255036832	-0.1351812639
-2.7830866259	-0.0849545796
-2.8220525969	-0.0281662313
-2.7991908489	-0.0211407019
-2.8031845665	-0.0408651821
-2.7803459689	-0.0069384689
-2.7894777987	-0.0026238035
-2.803287641	-0.0030044979
-2.8095401733	-0.0022599114
-2.8134407835	-0.008890976599999999
-2.8310451667	-0.009686528999999999
-2.8276396227	-0.0019500365
-2.8375099764	-0.0019974359
-2.8424219887	-0.0021289721
-2.8522630741	-0.0281854047
-2.866621967	-0.039791717
-2.9037899164	-0.0308498894
-2.8971422047	-0.008659029800000001
-2.8890918563	-0.0152098357
-2.8977837954	-0.0175835924
-2.8822285286	-0.0291322674
-2.8712059755	-0.0229450003
-2.8805299221	-0.0036100946
-2.8857794288	-0.0016108721
-2.8952546988	-0.0024670556
-2.9005857699	-0.0020488488
-2.9038319403	-0.008256361
-2.9190681692	-0.0304835818
-2.9224286487	-0.0129362589
-2.9125295359	-0.0168257807
-2.9194039727	-0.0025007494
-2.9234685891	-0.0013397082
-2.9329099931	-0.0031510016
-2.9408391054	-0.0036510557
-2.9419220769	-0.01623904
-2.9441051684	-0.0525688663
-2.9703376506	-0.048336037
-2.9597097799	-0.0882941179
-2.9734443738	-0.1229481737
-3.0345888616	-0.1797693301
-3.0675662717	-0.1538149127
-3.1206499241	-0.0811325646
-3.0641836786	-0.0410104995
-3.0564663931	-0.08065439100000001
-3.0852006342	-0.0691913218
-3.0729216804	-0.1241752031
-3.0459467618	-0.1349536584
-2.9979745987	-0.0987597256
-2.9768978583	-0.0978507912
-2.9873413523	-0.0641009962
-3.0146646898	-0.047870387
-3.0392348546	-0.0161084566
-3.0271273495	-0.0049520131
-3.0431881925	-0.0025112038
-3.0481331715	-0.0018471902
-3.0645687559	-0.0084965501
-3.0705426299	-0.0019377672
-3.0824240257	-0.0244197494
-3.1329628665	-0.0476748879
-3.1214978503	-0.0205382524
-3.1064204094	-0.0327163845
-3.1125544771	-0.0046916899
-3.1191396442	-0.0021302864
-3.1315090879	-0.0037859818
-3.1393760935	-0.0031494697
-3.1448386952	-0.0115722753
-3.1705180983	-0.0227528039
-3.1677079037	-0.0045368896
-3.1917305323	-0.0067827456
-3.208509867	-0.0083616773
-3.1913293001	-0.0974981331
-3.1878604186	-0.1520799896
-3.0979199322	-0.2945922517
-3.283245926	-0.3821027317
-3.2595225583	-0.2817916101
-3.2010944059	-0.3226535392
-3.1990753291	-0.2023515075
-3.2369733936	-0.1598054436
-3.3618826841	-0.2073139154
-3.3928220736	-0.210540973
-3.3907791095	-0.2512524564
-3.3811784771	-0.2917290513
-3.4038200294	-0.335476033
-3.4202822171	-0.3168108385
-3.4310724632	-0.3400070886
-3.4361630848	-0.349785167
-3.4382988104	-0.3894316349
-3.4636883892	-0.3952762413
-3.4461645148	-0.4885846446
-3.5372791348	-0.6647468661
-3.5907590606	-0.5561663602
-3.5203519982	-0.5596027674
-3.5767585793	-0.4720778915
-3.6086290887	-0.465750514
-3.6572105244	-0.474677453
-3.666125657	-0.4594397936
-3.6950952723	-0.4647195132
-3.7435283214	-0.475738784
-3.8296572747	-0.4438689192
-3.7758498805	-0.4120951724
-3.8073495299	-0.3613019791
-3.8125274667	-0.3295116697
-3.8483316436	-0.2216675231
-3.7585135394	-0.2067318229
-3.6710442855	-0.1431303224
-3.5599854003	-0.2991301173
-3.6861128223	-0.2922013749
-3.6520517612	-0.2607082748
-3.722389551	-0.2349340382
-3.7614766942	-0.2484576062
-3.77085608	-0.3222897463
-3.7921184896	-0.3400903047
-3.7650573059	-0.3720025795
-3.7252910014	-0.3901662623
-3.6836337211	-0.414552378
-3.7056839814	-0.4359364007
-3.6730083944	-0.4479212498
-3.6579894282	-0.4511057267
-3.6187121387	-0.4333269994
-3.5965839995	-0.4486621068
-3.571487082	-0.3880387704
-3.6147122299	-0.3185251357
-3.5074442471	-0.3415756197
-3.5399120413	-0.3554732538
-3.4881619597	-0.3887101326
-3.4659257596	-0.3771014703
-3.451044202	-0.3433708166
-3.439661915	-0.3419343132
-3.4389853767	-0.3223223397
-3.4489253027	-0.2964753649
-3.4489957062	-0.2474078157
-3.4183316549	-0.26205009
-3.4115286729	-0.2192320201
-3.4088185172	-0.1917811466
-3.5127643262	-0.160154557
-3.5449771191	-0.1331006533
-3.6022812818	-0.2006202256
-3.6741286196	-0.0804975842
-3.6010307312	-0.0697846966
-3.6274934523	-0.0971227318
-3.5684119035	-0.1132636824
-3.5362728366	-0.1032753483
-3.5540375924	-0.0232292456
-3.5564154313	-0.0039092188
-3.5785575786	-0.0082463604
-3.594674683	-0.0145765895
-3.6159735676	-0.0122535009
-3.6104860279	-0.0031740584
-3.6206005914	-0.0023054026
-3.6246563828	-0.0016145804
-3.6364525914	-0.0078745095
-3.6423898871	-0.0021438205
-3.652389542	-0.01949022
-3.6449424601	-0.0398318902
-3.6889968493	-0.0306304024
-3.6681945461	-0.0293815336
-3.68281536	-0.0070534218
-3.6918392774	-0.0032481019
-3.7094908732	-0.0077816781
-3.7132538746	-0.0016160635
-3.7248434356	-0.0070089023
-3.7358120696	-0.0223739388
-3.7502401387	-0.0573085286
-3.7691513834	-0.0418788841
-3.7758892801	-0.065378062
-3.7803877645	-0.0755956201
-3.7658358841	-0.1213158723
-3.823796149	-0.1289572292
-3.8916266041	-0.1180070009
-3.8805578624	-0.0416756042
-3.8413584525	-0.0626631699
-3.8697089086	-0.07082431929999999
-3.838093578	-0.101884593
-3.8140739264	-0.1035040148
-3.7974051322	-0.06973012689999999
-3.7855604466	-0.06787361980000001
-3.7877768292	-0.0499747311
-3.7992146257	-0.0331282422
-3.8200142664	-0.0158316673
-3.8096002544	-0.0054849148
-3.8229290039	-0.002861629
-3.8274256241	-0.0017399098
-3.8381847068	-0.0065020432
-3.8424660766	-0.0016732758
-3.8506278366	-0.0113727945
-3.8532264561	-0.0223735378
-3.8694053132	-0.0129403129
-3.8600197292	-0.0140974498
-3.8648885407	-0.0032857178
-3.8685948049	-0.0013344191
-3.8749580138	-0.0026354297
-3.8793967664	-0.0018073613
-3.8829594367	-0.0043202734
-3.8913715216	-0.008967870500000001
-3.8984252555	-0.0026384728
-3.9036393834	-0.0024927283
-3.909208614	-0.0213055498
-3.9177996247	-0.0278409731
-3.9053774692	-0.0425991578
-3.9468282037	-0.09818625709999999
-3.9499190835	-0.0439879654
-3.9301400714	-0.0616830247
-3.9258687996	-0.0340680022
-3.9254187569	-0.023640564
-3.946469401	-0.010285422
-3.9489799636	-0.0019512473
-3.9592649045	-0.0048143381
-3.9684810129	-0.0088864519
-3.9843634259	-0.0130510534
-3.9811399714	-0.003203854
-3.9912118734	-0.0029335942
-3.9962005918	-0.002092482
-4.0096107748	-0.0120286835
-4.0206902899	-0.0041970049
-4.0291604443	-0.0360048046
-4.0122482722	-0.0574820508
-4.0414865118	-0.0959251624
-4.0362120701	-0.065371265
-4.0800023812	-0.0748118367
-4.0906178727	-0.0913947135
-4.0855187031	-0.1184166126
-4.0951187784	-0.1236437335
-4.090399752	-0.1384046858
-4.0816268266	-0.1567544481
-4.0638178949	-0.1988022663
-4.097860113	-0.187811861
-4.1113912016	-0.2220498573
-4.1280000915	-0.2388061563
-4.1788836566	-0.3058524243
-4.2145951434	-0.265490469
-4.2976590071	-0.2546499743
-4.3178843337	-0.1360245453
-4.2143584795	-0.1669988193
-4.2649654796	-0.1823487942
-4.2257209731	-0.2300397711
-4.1975680461	-0.2446191108
-4.1533827524	-0.2159342047
-4.1321624706	-0.221945872
-4.1244265512	-0.1948828355
-4.1236305278	-0.1696825749
-4.1238827205	-0.1384104924
-4.1059986756	-0.1475032906
-4.1031715486	-0.1281710638
-4.1010652365	-0.1191569235
-4.1140605746	-0.09726329039999999
-4.1021129952	-0.0827113936
-4.1381790009	-0.06598874590000001
-4.1653549261	-0.07261541689999999
-4.1885394703	-0.041261218
-4.1645489456	-0.0511671897
-4.1664757604	-0.0139046162
-4.1788357049	-0.0046827556
-4.1976467576	-0.008045930200000001
-4.2008413432	-0.0016747756
-4.2093845411	-0.0046486551
-4.2182843762	-0.008686691
-4.2341754249	-0.017247913
-4.2324867301	-0.0042563605
-4.2458947055	-0.0047967074
-4.2543508027	-0.0039214693
-4.2656035138	-0.0261276225
-4.2778368408	-0.029761287
-4.2755601001	-0.0462143528
-4.2776765981	-0.0716205357
-4.3106851986	-0.0396119062
-4.2928833961	-0.0515980936
-4.2878399574	-0.0336159852
-4.2845507917	-0.0241546479
-4.3016465763	-0.0102295113
-4.3036123972	-0.0020031988
-4.3121505646	-0.004025682
-4.3192970424	-0.0058073205
-4.3294348788	-0.0088502346
-4.3334682288	-0.0019501425
-4.3364551272	-0.0012351821
-4.343082265	-0.0056545945
-4.3475640557	-0.0017764662
-4.3539492043	-0.0108153816
-4.355416416	-0.0200676571
-4.3731944834	-0.025814065
-4.3628657782	-0.0170908172
-4.3732940186	-0.0064471156
-4.3805533442	-0.0028660554
-4.3936691049	-0.008144642800000001
-4.3982020263	-0.0019764607
-4.4081880361	-0.0069445729
-4.4202418697	-0.0176881341
-4.4236923179	-0.0471744977
-4.4439940797	-0.0372414032
-4.4463827855	-0.0582617354
-4.4487092152	-0.0678926386
-4.4365118721	-0.0877553824
-4.4487834057	-0.09910931639999999
-4.4379603635	-0.1288148951
-4.4915978037	-0.1841459979
-4.5084906419	-0.1024923568
-4.4826332021	-0.1360989261
-4.4643693064	-0.1059236908
-4.4577600388	-0.093098732
-4.4651814302	-0.07106242040000001
-4.4555529286	-0.0642479837
-4.4620386205	-0.050244479
-4.4734625241	-0.0342884805
-4.5021793949	-0.0258691037
-4.4904802619	-0.008725083599999999
-4.5081899406	-0.0052849621
-4.5154189977	-0.0028914381
-4.5290061914	-0.010548482
-4.5363470279	-0.0030647088
-4.5474415196	-0.014343068
-4.5534983992	-0.0242908563
-4.5725276651	-0.0259102603
-4.5602019696	-0.0190865173
-4.5685470792	-0.006771375
-4.575091782	-0.0025967794
-4.5854709897	-0.0060327193
-4.5943490439	-0.0036894412
-4.6012873592	-0.0062877857
-4.6117467703	-0.0163132588
-4.6127500484	-0.004242739
-4.624962628	-0.0053295171
-4.634083784	-0.0043497339
-4.6428103702	-0.0271598939
-4.6565787546	-0.0336642841
-4.6514034777	-0.0489859206
-4.6520148218	-0.065430895
-4.6896959977	-0.0668674376
-4.6643132496	-0.0595654255
-4.6674951896	-0.0421136949
-4.6661112159	-0.0299024783
-4.6901391016	-0.0172031419
-4.6943258163	-0.003603097
-4.707322378	-0.0068999353
-4.719131338	-0.0087854614
-4.734361967	-0.0177000479
-4.7325962765	-0.0046688504
-4.7436198246	-0.0042281585
-4.7496844813	-0.0025155199
-4.7606063579	-0.0109332234
-4.7696573993	-0.0036552304
-4.7811712448	-0.0171953952
-4.7871965978	-0.0306560024
-4.8093729716	-0.0458357112
-4.7972755918	-0.0272883068
-4.8120816271	-0.0120040909
-4.8237862152	-0.004755259
-4.8417112351	-0.0125715116
-4.8485435936	-0.0030564123
-4.8601536165	-0.0076737481
-4.8745120441	-0.0116192915
-4.8925833929	-0.0327007297
-4.8958813752	-0.008705941
-4.9167158271	-0.0092284155
-4.9301799667	-0.0055883028
-4.9527867568	-0.0241060931
-4.9712545143	-0.0069648201
-4.9977513331	-0.018259904
-5.0322201519	-0.0141514461
-7.159191247	0
